Date    Flow
19880101	185
19880102	185
19880103	182
19880104	178
19880105	178
19880106	175
19880107	174
19880108	174
19880109	169
19880110	168
19880111	168
19880112	168
19880113	168
19880114	165
19880115	165
19880116	165
19880117	165
19880118	162
19880119	159
19880120	159
19880121	159
19880122	157
19880123	156
19880124	156
19880125	153
19880126	153
19880127	153
19880128	153
19880129	153
19880130	153
19880131	151
19880201	152
19880202	153
19880203	150
19880204	147
19880205	147
19880206	147
19880207	145
19880208	145
19880209	145
19880210	144
19880211	142
19880212	142
19880213	142
19880214	142
19880215	142
19880216	142
19880217	142
19880218	142
19880219	140
19880220	141
19880221	142
19880222	142
19880223	142
19880224	142
19880225	142
19880226	140
19880227	140
19880228	140
19880229	139
19880301	137
19880302	137
19880303	137
19880304	137
19880305	137
19880306	141
19880307	138
19880308	139
19880309	137
19880310	146
19880311	156
19880312	167
19880313	183
19880314	180
19880315	160
19880316	151
19880317	147
19880318	143
19880319	145
19880320	149
19880321	147
19880322	143
19880323	142
19880324	140
19880325	142
19880326	150
19880327	161
19880328	176
19880329	163
19880330	159
19880331	162
19880401	167
19880402	168
19880403	168
19880404	168
19880405	171
19880406	189
19880407	170
19880408	168
19880409	184
19880410	228
19880411	294
19880412	250
19880413	236
19880414	229
19880415	218
19880416	201
19880417	221
19880418	207
19880419	211
19880420	214
19880421	233
19880422	217
19880423	202
19880424	213
19880425	227
19880426	229
19880427	239
19880428	236
19880429	240
19880430	243
19880501	244
19880502	312
19880503	438
19880504	457
19880505	514
19880506	628
19880507	652
19880508	740
19880509	720
19880510	613
19880511	533
19880512	496
19880513	471
19880514	453
19880515	437
19880516	437
19880517	476
19880518	623
19880519	652
19880520	786
19880521	1020
19880522	700
19880523	676
19880524	762
19880525	798
19880526	736
19880527	744
19880528	790
19880529	821
19880530	945
19880531	938
19880601	813
19880602	710
19880603	692
19880604	741
19880605	983
19880606	966
19880607	1070
19880608	1200
19880609	1390
19880610	1910
19880611	1640
19880612	1840
19880613	2180
19880614	2480
19880615	2290
19880616	1850
19880617	1820
19880618	1960
19880619	1940
19880620	1630
19880621	1750
19880622	1510
19880623	1290
19880624	1140
19880625	1070
19880626	1110
19880627	986
19880628	893
19880629	851
19880630	831
19880701	1000
19880702	1470
19880703	1320
19880704	1640
19880705	1360
19880706	1160
19880707	1430
19880708	1300
19880709	1450
19880710	2100
19880711	2000
19880712	1530
19880713	1340
19880714	1180
19880715	1230
19880716	1050
19880717	992
19880718	913
19880719	1020
19880720	1440
19880721	1180
19880722	1000
19880723	963
19880724	947
19880725	939
19880726	1090
19880727	1020
19880728	995
19880729	1060
19880730	948
19880731	924
19880801	870
19880802	822
19880803	853
19880804	887
19880805	879
19880806	793
19880807	740
19880808	853
19880809	970
19880810	936
19880811	832
19880812	853
19880813	798
19880814	879
19880815	1890
19880816	1400
19880817	1090
19880818	1200
19880819	1170
19880820	1270
19880821	1110
19880822	1050
19880823	983
19880824	962
19880825	970
19880826	916
19880827	858
19880828	814
19880829	772
19880830	752
19880831	907
19880901	1130
19880902	1620
19880903	1690
19880904	1640
19880905	1400
19880906	1230
19880907	1160
19880908	1330
19880909	1560
19880910	2030
19880911	1860
19880912	1720
19880913	2060
19880914	1780
19880915	1520
19880916	1360
19880917	1220
19880918	1120
19880919	1130
19880920	1100
19880921	1080
19880922	1030
19880923	1050
19880924	997
19880925	1020
19880926	1020
19880927	996
19880928	1030
19880929	1080
19880930	1210
19881001	1240
19881002	1160
19881003	1090
19881004	1080
19881005	1090
19881006	1090
19881007	1130
19881008	1120
19881009	1100
19881010	1080
19881011	1030
19881012	989
19881013	959
19881014	922
19881015	881
19881016	858
19881017	881
19881018	880
19881019	860
19881020	846
19881021	827
19881022	800
19881023	779
19881024	752
19881025	730
19881026	700
19881027	682
19881028	673
19881029	656
19881030	645
19881031	637
19881101	626
19881102	595
19881103	543
19881104	559
19881105	545
19881106	515
19881107	519
19881108	504
19881109	488
19881110	504
19881111	473
19881112	463
19881113	433
19881114	433
19881115	445
19881116	439
19881117	434
19881118	426
19881119	425
19881120	418
19881121	416
19881122	409
19881123	400
19881124	395
19881125	388
19881126	394
19881127	392
19881128	387
19881129	379
19881130	375
19881201	370
19881202	358
19881203	353
19881204	345
19881205	341
19881206	336
19881207	329
19881208	328
19881209	320
19881210	319
19881211	316
19881212	311
19881213	308
19881214	303
19881215	303
19881216	296
19881217	295
19881218	292
19881219	287
19881220	287
19881221	284
19881222	279
19881223	279
19881224	276
19881225	271
19881226	271
19881227	271
19881228	264
19881229	256
19881230	252
19881231	244
19890101	235
19890102	234
19890103	234
19890104	225
19890105	221
19890106	218
19890107	214
19890108	214
19890109	214
19890110	216
19890111	214
19890112	206
19890113	205
19890114	203
19890115	202
19890116	199
19890117	199
19890118	199
19890119	197
19890120	196
19890121	193
19890122	193
19890123	193
19890124	193
19890125	193
19890126	193
19890127	193
19890128	193
19890129	193
19890130	190
19890131	187
19890201	187
19890202	189
19890203	188
19890204	187
19890205	187
19890206	186
19890207	184
19890208	187
19890209	187
19890210	185
19890211	186
19890212	182
19890213	179
19890214	178
19890215	177
19890216	176
19890217	176
19890218	176
19890219	176
19890220	176
19890221	176
19890222	176
19890223	176
19890224	176
19890225	172
19890226	175
19890227	176
19890228	179
19890301	179
19890302	178
19890303	176
19890304	176
19890305	172
19890306	171
19890307	171
19890308	171
19890309	171
19890310	171
19890311	171
19890312	171
19890313	167
19890314	171
19890315	176
19890316	180
19890317	177
19890318	178
19890319	177
19890320	176
19890321	178
19890322	178
19890323	175
19890324	178
19890325	181
19890326	177
19890327	174
19890328	171
19890329	173
19890330	180
19890331	179
19890401	181
19890402	181
19890403	190
19890404	196
19890405	209
19890406	197
19890407	193
19890408	193
19890409	186
19890410	202
19890411	200
19890412	196
19890413	207
19890414	213
19890415	209
19890416	217
19890417	232
19890418	241
19890419	286
19890420	333
19890421	426
19890422	365
19890423	310
19890424	320
19890425	346
19890426	427
19890427	494
19890428	515
19890429	472
19890430	460
19890501	442
19890502	431
19890503	434
19890504	497
19890505	604
19890506	818
19890507	1130
19890508	1320
19890509	1350
19890510	1390
19890511	1100
19890512	1100
19890513	928
19890514	773
19890515	690
19890516	675
19890517	654
19890518	670
19890519	718
19890520	800
19890521	875
19890522	836
19890523	850
19890524	881
19890525	748
19890526	905
19890527	1650
19890528	1370
19890529	1140
19890530	1080
19890531	1030
19890601	957
19890602	926
19890603	1020
19890604	1030
19890605	1160
19890606	1610
19890607	1980
19890608	2210
19890609	1990
19890610	1830
19890611	1810
19890612	2300
19890613	2320
19890614	1900
19890615	2060
19890616	3750
19890617	2760
19890618	2310
19890619	2110
19890620	2240
19890621	2240
19890622	1780
19890623	1610
19890624	1620
19890625	1630
19890626	1990
19890627	2060
19890628	1640
19890629	1470
19890630	1320
19890701	1190
19890702	1100
19890703	1050
19890704	1060
19890705	1110
19890706	1090
19890707	1800
19890708	1970
19890709	2220
19890710	2580
19890711	2440
19890712	1860
19890713	1630
19890714	1490
19890715	1300
19890716	1250
19890717	1480
19890718	1320
19890719	1310
19890720	1200
19890721	1120
19890722	1070
19890723	1050
19890724	1010
19890725	1030
19890726	1580
19890727	2300
19890728	1780
19890729	1430
19890730	1250
19890731	1140
19890801	1050
19890802	992
19890803	944
19890804	907
19890805	916
19890806	911
19890807	894
19890808	847
19890809	806
19890810	755
19890811	740
19890812	844
19890813	760
19890814	731
19890815	744
19890816	815
19890817	1010
19890818	1140
19890819	1880
19890820	1290
19890821	1080
19890822	962
19890823	904
19890824	896
19890825	891
19890826	931
19890827	1140
19890828	1050
19890829	970
19890830	1050
19890831	1200
19890901	1460
19890902	1530
19890903	1470
19890904	1900
19890905	1820
19890906	1440
19890907	1290
19890908	1210
19890909	1130
19890910	1180
19890911	1580
19890912	1630
19890913	1380
19890914	1260
19890915	1220
19890916	1200
19890917	1160
19890918	1100
19890919	1080
19890920	1060
19890921	1010
19890922	965
19890923	953
19890924	951
19890925	918
19890926	885
19890927	994
19890928	1190
19890929	1130
19890930	1110
19891001	1130
19891002	1110
19891003	1030
19891004	1050
19891005	1300
19891006	1350
19891007	1360
19891008	1330
19891009	1290
19891010	1220
19891011	1150
19891012	1090
19891013	1050
19891014	1020
19891015	992
19891016	971
19891017	943
19891018	919
19891019	892
19891020	851
19891021	829
19891022	802
19891023	780
19891024	758
19891025	739
19891026	720
19891027	719
19891028	717
19891029	702
19891030	679
19891031	659
19891101	646
19891102	625
19891103	603
19891104	597
19891105	583
19891106	585
19891107	570
19891108	564
19891109	550
19891110	537
19891111	527
19891112	521
19891113	511
19891114	500
19891115	494
19891116	495
19891117	489
19891118	475
19891119	468
19891120	468
19891121	458
19891122	447
19891123	433
19891124	425
19891125	415
19891126	405
19891127	404
19891128	395
19891129	394
19891130	394
19891201	390
19891202	384
19891203	380
19891204	375
19891205	375
19891206	371
19891207	366
19891208	362
19891209	356
19891210	356
19891211	352
19891212	343
19891213	337
19891214	337
19891215	333
19891216	327
19891217	327
19891218	327
19891219	319
19891220	318
19891221	314
19891222	309
19891223	301
19891224	300
19891225	293
19891226	292
19891227	292
19891228	292
19891229	292
19891230	292
19891231	285
19900101	278
19900102	275
19900103	271
19900104	271
19900105	271
19900106	266
19900107	265
19900108	265
19900109	263
19900110	259
19900111	259
19900112	256
19900113	253
19900114	253
19900115	253
19900116	253
19900117	253
19900118	253
19900119	253
19900120	248
19900121	247
19900122	247
19900123	247
19900124	247
19900125	247
19900126	247
19900127	247
19900128	245
19900129	244
19900130	243
19900131	242
19900201	241
19900202	244
19900203	239
19900204	235
19900205	235
19900206	235
19900207	235
19900208	235
19900209	235
19900210	235
19900211	235
19900212	235
19900213	230
19900214	229
19900215	229
19900216	229
19900217	229
19900218	229
19900219	225
19900220	224
19900221	224
19900222	224
19900223	224
19900224	224
19900225	224
19900226	224
19900227	224
19900228	224
19900301	224
19900302	220
19900303	219
19900304	219
19900305	219
19900306	219
19900307	215
19900308	214
19900309	214
19900310	214
19900311	214
19900312	214
19900313	214
19900314	214
19900315	214
19900316	214
19900317	214
19900318	214
19900319	223
19900320	228
19900321	229
19900322	229
19900323	237
19900324	249
19900325	249
19900326	284
19900327	266
19900328	248
19900329	239
19900330	238
19900331	233
19900401	235
19900402	232
19900403	242
19900404	239
19900405	240
19900406	234
19900407	237
19900408	233
19900409	237
19900410	248
19900411	248
19900412	239
19900413	240
19900414	239
19900415	243
19900416	260
19900417	294
19900418	294
19900419	291
19900420	308
19900421	348
19900422	380
19900423	389
19900424	384
19900425	365
19900426	346
19900427	356
19900428	411
19900429	468
19900430	577
19900501	584
19900502	616
19900503	637
19900504	527
19900505	493
19900506	479
19900507	488
19900508	516
19900509	599
19900510	613
19900511	581
19900512	633
19900513	594
19900514	602
19900515	564
19900516	518
19900517	484
19900518	467
19900519	518
19900520	529
19900521	587
19900522	715
19900523	759
19900524	638
19900525	585
19900526	626
19900527	665
19900528	833
19900529	775
19900530	775
19900531	954
19900601	870
19900602	829
19900603	783
19900604	754
19900605	799
19900606	945
19900607	1230
19900608	1020
19900609	890
19900610	954
19900611	1210
19900612	974
19900613	922
19900614	1100
19900615	1380
19900616	1370
19900617	1980
19900618	1800
19900619	2130
19900620	2390
19900621	1850
19900622	1550
19900623	1450
19900624	1380
19900625	1230
19900626	1140
19900627	1180
19900628	1320
19900629	1620
19900630	1840
19900701	1420
19900702	1220
19900703	1150
19900704	1240
19900705	1210
19900706	1600
19900707	1320
19900708	1130
19900709	1040
19900710	972
19900711	1000
19900712	1250
19900713	1190
19900714	1070
19900715	1040
19900716	1080
19900717	1570
19900718	1420
19900719	1160
19900720	1080
19900721	1010
19900722	994
19900723	1140
19900724	1060
19900725	997
19900726	1220
19900727	1160
19900728	1200
19900729	1150
19900730	1060
19900731	1110
19900801	1300
19900802	1230
19900803	1070
19900804	970
19900805	896
19900806	833
19900807	789
19900808	762
19900809	721
19900810	693
19900811	705
19900812	740
19900813	968
19900814	853
19900815	812
19900816	887
19900817	837
19900818	1380
19900819	1290
19900820	1080
19900821	954
19900822	910
19900823	951
19900824	940
19900825	946
19900826	1070
19900827	1130
19900828	1600
19900829	1790
19900830	1460
19900831	1240
19900901	1080
19900902	1260
19900903	1170
19900904	1200
19900905	1170
19900906	1050
19900907	1030
19900908	1440
19900909	1280
19900910	1230
19900911	1240
19900912	1740
19900913	1980
19900914	2010
19900915	1770
19900916	1630
19900917	1500
19900918	1330
19900919	1220
19900920	1110
19900921	1040
19900922	1000
19900923	953
19900924	900
19900925	841
19900926	831
19900927	815
19900928	800
19900929	771
19900930	755
19901001	746
19901002	734
19901003	740
19901004	728
19901005	728
19901006	737
19901007	728
19901008	725
19901009	715
19901010	721
19901011	780
19901012	761
19901013	758
19901014	744
19901015	727
19901016	716
19901017	749
19901018	742
19901019	751
19901020	747
19901021	726
19901022	700
19901023	690
19901024	703
19901025	672
19901026	651
19901027	657
19901028	638
19901029	617
19901030	604
19901031	593
19901101	582
19901102	569
19901103	549
19901104	538
19901105	523
19901106	517
19901107	507
19901108	522
19901109	506
19901110	472
19901111	474
19901112	471
19901113	470
19901114	466
19901115	451
19901116	450
19901117	441
19901118	440
19901119	436
19901120	431
19901121	422
19901122	417
19901123	411
19901124	407
19901125	398
19901126	401
19901127	394
19901128	389
19901129	383
19901130	375
19901201	370
19901202	365
19901203	361
19901204	352
19901205	343
19901206	342
19901207	335
19901208	330
19901209	334
19901210	326
19901211	325
19901212	321
19901213	318
19901214	313
19901215	317
19901216	313
19901217	310
19901218	305
19901219	309
19901220	295
19901221	293
19901222	290
19901223	290
19901224	281
19901225	285
19901226	280
19901227	275
19901228	269
19901229	265
19901230	260
19901231	260
19910101	261
19910102	261
19910103	254
19910104	253
19910105	247
19910106	246
19910107	243
19910108	239
19910109	239
19910110	239
19910111	239
19910112	236
19910113	238
19910114	239
19910115	239
19910116	239
19910117	239
19910118	239
19910119	239
19910120	233
19910121	232
19910122	232
19910123	229
19910124	228
19910125	225
19910126	222
19910127	218
19910128	218
19910129	218
19910130	218
19910131	218
19910201	218
19910202	218
19910203	216
19910204	213
19910205	213
19910206	213
19910207	213
19910208	213
19910209	213
19910210	210
19910211	206
19910212	206
19910213	206
19910214	206
19910215	206
19910216	206
19910217	206
19910218	206
19910219	206
19910220	206
19910221	206
19910222	206
19910223	203
19910224	199
19910225	199
19910226	199
19910227	199
19910228	199
19910301	199
19910302	199
19910303	199
19910304	199
19910305	205
19910306	206
19910307	206
19910308	206
19910309	206
19910310	203
19910311	199
19910312	199
19910313	199
19910314	199
19910315	199
19910316	206
19910317	202
19910318	205
19910319	206
19910320	206
19910321	206
19910322	206
19910323	212
19910324	213
19910325	213
19910326	213
19910327	213
19910328	207
19910329	206
19910330	203
19910331	202
19910401	200
19910402	196
19910403	195
19910404	193
19910405	204
19910406	200
19910407	193
19910408	195
19910409	212
19910410	218
19910411	228
19910412	242
19910413	236
19910414	226
19910415	225
19910416	238
19910417	245
19910418	249
19910419	243
19910420	236
19910421	232
19910422	238
19910423	233
19910424	239
19910425	256
19910426	283
19910427	321
19910428	336
19910429	347
19910430	355
19910501	370
19910502	381
19910503	409
19910504	461
19910505	482
19910506	491
19910507	521
19910508	461
19910509	424
19910510	421
19910511	434
19910512	435
19910513	440
19910514	457
19910515	466
19910516	464
19910517	494
19910518	539
19910519	577
19910520	649
19910521	767
19910522	868
19910523	1040
19910524	1140
19910525	1060
19910526	986
19910527	1110
19910528	1150
19910529	1290
19910530	1520
19910531	1350
19910601	1350
19910602	1350
19910603	1380
19910604	1160
19910605	1040
19910606	956
19910607	880
19910608	854
19910609	901
19910610	999
19910611	938
19910612	983
19910613	1230
19910614	1660
19910615	1820
19910616	1510
19910617	1330
19910618	1250
19910619	1160
19910620	1110
19910621	1150
19910622	1220
19910623	1170
19910624	1100
19910625	1020
19910626	944
19910627	941
19910628	1200
19910629	1270
19910630	2180
19910701	1820
19910702	1460
19910703	1310
19910704	1260
19910705	1180
19910706	1210
19910707	1240
19910708	1180
19910709	1280
19910710	1190
19910711	1080
19910712	985
19910713	924
19910714	929
19910715	943
19910716	905
19910717	870
19910718	844
19910719	791
19910720	766
19910721	766
19910722	894
19910723	914
19910724	809
19910725	759
19910726	742
19910727	893
19910728	826
19910729	1410
19910730	1450
19910731	1180
19910801	1000
19910802	916
19910803	839
19910804	802
19910805	796
19910806	766
19910807	759
19910808	1060
19910809	1620
19910810	1670
19910811	1280
19910812	1140
19910813	1160
19910814	1250
19910815	1350
19910816	1270
19910817	1100
19910818	1010
19910819	1190
19910820	1120
19910821	1020
19910822	1030
19910823	936
19910824	885
19910825	824
19910826	783
19910827	768
19910828	782
19910829	802
19910830	738
19910831	707
19910901	694
19910902	680
19910903	680
19910904	644
19910905	624
19910906	604
19910907	581
19910908	562
19910909	574
19910910	771
19910911	944
19910912	932
19910913	833
19910914	779
19910915	845
19910916	845
19910917	855
19910918	790
19910919	841
19910920	830
19910921	875
19910922	1060
19910923	1210
19910924	1240
19910925	1180
19910926	1130
19910927	1030
19910928	1010
19910929	931
19910930	885
19911001	847
19911002	803
19911003	803
19911004	780
19911005	824
19911006	794
19911007	783
19911008	767
19911009	790
19911010	849
19911011	899
19911012	931
19911013	885
19911014	839
19911015	814
19911016	829
19911017	836
19911018	839
19911019	853
19911020	871
19911021	885
19911022	862
19911023	859
19911024	822
19911025	803
19911026	770
19911027	751
19911028	724
19911029	702
19911030	691
19911031	670
19911101	638
19911102	605
19911103	583
19911104	571
19911105	563
19911106	546
19911107	528
19911108	515
19911109	506
19911110	501
19911111	486
19911112	477
19911113	471
19911114	467
19911115	453
19911116	447
19911117	443
19911118	430
19911119	417
19911120	408
19911121	414
19911122	407
19911123	402
19911124	406
19911125	394
19911126	386
19911127	381
19911128	376
19911129	369
19911130	360
19911201	356
19911202	358
19911203	348
19911204	335
19911205	324
19911206	329
19911207	328
19911208	324
19911209	324
19911210	317
19911211	316
19911212	309
19911213	308
19911214	305
19911215	300
19911216	300
19911217	297
19911218	292
19911219	292
19911220	292
19911221	285
19911222	284
19911223	284
19911224	277
19911225	276
19911226	269
19911227	268
19911228	268
19911229	268
19911230	268
19911231	262
19920101	254
19920102	251
19920103	247
19920104	245
19920105	241
19920106	241
19920107	241
19920108	241
19920109	241
19920110	236
19920111	235
19920112	240
19920113	236
19920114	235
19920115	230
19920116	229
19920117	229
19920118	234
19920119	233
19920120	229
19920121	226
19920122	221
19920123	225
19920124	221
19920125	220
19920126	220
19920127	222
19920128	223
19920129	223
19920130	223
19920131	221
19920201	222
19920202	223
19920203	223
19920204	221
19920205	220
19920206	218
19920207	216
19920208	217
19920209	214
19920210	215
19920211	214
19920212	215
19920213	208
19920214	204
19920215	201
19920216	207
19920217	209
19920218	205
19920219	204
19920220	202
19920221	200
19920222	199
19920223	200
19920224	199
19920225	200
19920226	199
19920227	199
19920228	201
19920229	202
19920301	199
19920302	204
19920303	209
19920304	210
19920305	202
19920306	199
19920307	199
19920308	199
19920309	201
19920310	200
19920311	199
19920312	199
19920313	199
19920314	214
19920315	233
19920316	227
19920317	211
19920318	205
19920319	204
19920320	203
19920321	221
19920322	223
19920323	222
19920324	219
19920325	220
19920326	217
19920327	230
19920328	237
19920329	236
19920330	234
19920331	235
19920401	251
19920402	234
19920403	227
19920404	237
19920405	249
19920406	251
19920407	261
19920408	292
19920409	289
19920410	275
19920411	316
19920412	351
19920413	353
19920414	306
19920415	290
19920416	292
19920417	306
19920418	300
19920419	309
19920420	377
19920421	368
19920422	390
19920423	420
19920424	421
19920425	413
19920426	434
19920427	483
19920428	509
19920429	547
19920430	603
19920501	741
19920502	808
19920503	778
19920504	933
19920505	848
19920506	776
19920507	780
19920508	752
19920509	750
19920510	749
19920511	780
19920512	721
19920513	763
19920514	796
19920515	793
19920516	959
19920517	941
19920518	843
19920519	759
19920520	736
19920521	699
19920522	750
19920523	754
19920524	721
19920525	684
19920526	712
19920527	870
19920528	1340
19920529	1410
19920530	1370
19920531	1590
19920601	1650
19920602	2100
19920603	2240
19920604	1710
19920605	1640
19920606	1550
19920607	1480
19920608	1340
19920609	1270
19920610	1370
19920611	1540
19920612	1690
19920613	1910
19920614	1800
19920615	2090
19920616	1930
19920617	1750
19920618	1690
19920619	1870
19920620	1850
19920621	2240
19920622	2390
19920623	2250
19920624	2280
19920625	2970
19920626	3020
19920627	2860
19920628	2810
19920629	3300
19920630	3250
19920701	2480
19920702	2000
19920703	1830
19920704	2220
19920705	2720
19920706	2580
19920707	2070
19920708	1870
19920709	1690
19920710	1500
19920711	1370
19920712	1550
19920713	2040
19920714	2800
19920715	2900
19920716	2560
19920717	2260
19920718	2110
19920719	1890
19920720	1750
19920721	1620
19920722	1520
19920723	1450
19920724	1380
19920725	1310
19920726	1320
19920727	1300
19920728	1310
19920729	1590
19920730	1380
19920731	1290
19920801	1190
19920802	1140
19920803	1270
19920804	1140
19920805	1070
19920806	1150
19920807	1050
19920808	1010
19920809	979
19920810	944
19920811	908
19920812	903
19920813	1270
19920814	1460
19920815	1150
19920816	1040
19920817	1080
19920818	1030
19920819	1210
19920820	1470
19920821	1610
19920822	1370
19920823	1270
19920824	1180
19920825	1090
19920826	1020
19920827	960
19920828	948
19920829	987
19920830	1060
19920831	1130
19920901	994
19920902	927
19920903	904
19920904	866
19920905	821
19920906	796
19920907	774
19920908	890
19920909	792
19920910	743
19920911	727
19920912	1140
19920913	1010
19920914	1180
19920915	1210
19920916	1140
19920917	1050
19920918	995
19920919	971
19920920	957
19920921	1040
19920922	967
19920923	945
19920924	1120
19920925	1090
19920926	1100
19920927	1250
19920928	1280
19920929	1150
19920930	1060
19921001	1000
19921002	984
19921003	916
19921004	892
19921005	852
19921006	862
19921007	931
19921008	971
19921009	938
19921010	894
19921011	898
19921012	913
19921013	899
19921014	884
19921015	886
19921016	863
19921017	845
19921018	810
19921019	782
19921020	758
19921021	769
19921022	745
19921023	729
19921024	714
19921025	690
19921026	677
19921027	662
19921028	646
19921029	622
19921030	607
19921031	586
19921101	571
19921102	555
19921103	573
19921104	543
19921105	528
19921106	522
19921107	522
19921108	511
19921109	489
19921110	474
19921111	469
19921112	462
19921113	451
19921114	439
19921115	438
19921116	427
19921117	426
19921118	416
19921119	404
19921120	403
19921121	403
19921122	393
19921123	382
19921124	376
19921125	370
19921126	361
19921127	360
19921128	355
19921129	349
19921130	349
19921201	340
19921202	339
19921203	335
19921204	329
19921205	329
19921206	320
19921207	319
19921208	315
19921209	310
19921210	310
19921211	306
19921212	301
19921213	301
19921214	293
19921215	289
19921216	284
19921217	284
19921218	284
19921219	277
19921220	276
19921221	273
19921222	268
19921223	265
19921224	261
19921225	258
19921226	254
19921227	254
19921228	254
19921229	254
19921230	248
19921231	247
19930101	251
19930102	246
19930103	246
19930104	246
19930105	243
19930106	239
19930107	239
19930108	236
19930109	238
19930110	239
19930111	239
19930112	239
19930113	239
19930114	239
19930115	236
19930116	228
19930117	227
19930118	227
19930119	224
19930120	224
19930121	224
19930122	221
19930123	223
19930124	218
19930125	217
19930126	221
19930127	220
19930128	211
19930129	210
19930130	210
19930131	210
19930201	214
19930202	213
19930203	210
19930204	210
19930205	210
19930206	210
19930207	210
19930208	210
19930209	205
19930210	206
19930211	205
19930212	204
19930213	204
19930214	206
19930215	205
19930216	202
19930217	201
19930218	203
19930219	202
19930220	199
19930221	199
19930222	199
19930223	199
19930224	199
19930225	199
19930226	199
19930227	199
19930228	196
19930301	193
19930302	193
19930303	193
19930304	193
19930305	190
19930306	187
19930307	187
19930308	190
19930309	190
19930310	187
19930311	187
19930312	192
19930313	193
19930314	193
19930315	193
19930316	193
19930317	193
19930318	193
19930319	193
19930320	188
19930321	187
19930322	187
19930323	185
19930324	181
19930325	181
19930326	181
19930327	181
19930328	191
19930329	188
19930330	190
19930331	187
19930401	198
19930402	206
19930403	220
19930404	220
19930405	217
19930406	214
19930407	207
19930408	204
19930409	210
19930410	216
19930411	215
19930412	227
19930413	233
19930414	232
19930415	249
19930416	279
19930417	287
19930418	298
19930419	290
19930420	276
19930421	271
19930422	266
19930423	273
19930424	282
19930425	307
19930426	323
19930427	305
19930428	363
19930429	380
19930430	459
19930501	583
19930502	588
19930503	566
19930504	618
19930505	741
19930506	732
19930507	718
19930508	717
19930509	709
19930510	807
19930511	915
19930512	898
19930513	963
19930514	870
19930515	886
19930516	860
19930517	889
19930518	963
19930519	1110
19930520	1100
19930521	1060
19930522	1040
19930523	977
19930524	949
19930525	922
19930526	836
19930527	754
19930528	726
19930529	769
19930530	731
19930531	732
19930601	738
19930602	801
19930603	905
19930604	795
19930605	858
19930606	793
19930607	777
19930608	757
19930609	791
19930610	1090
19930611	1330
19930612	1090
19930613	985
19930614	891
19930615	832
19930616	891
19930617	998
19930618	973
19930619	1180
19930620	1310
19930621	1900
19930622	1900
19930623	1440
19930624	1230
19930625	1140
19930626	1140
19930627	1500
19930628	1860
19930629	2100
19930630	1840
19930701	1660
19930702	1680
19930703	1680
19930704	1940
19930705	2290
19930706	2180
19930707	1710
19930708	1420
19930709	1250
19930710	1240
19930711	1160
19930712	1220
19930713	1200
19930714	1140
19930715	1320
19930716	1530
19930717	1940
19930718	1660
19930719	1460
19930720	1360
19930721	1500
19930722	2130
19930723	1630
19930724	1400
19930725	1260
19930726	1230
19930727	1120
19930728	1100
19930729	1300
19930730	1480
19930731	1340
19930801	1190
19930802	1110
19930803	1060
19930804	1040
19930805	1070
19930806	1140
19930807	1400
19930808	1450
19930809	1830
19930810	1970
19930811	1760
19930812	1900
19930813	1640
19930814	1450
19930815	2340
19930816	2270
19930817	1800
19930818	1580
19930819	1440
19930820	1400
19930821	1480
19930822	1360
19930823	1330
19930824	1390
19930825	2000
19930826	1730
19930827	1440
19930828	1520
19930829	1430
19930830	1350
19930831	1250
19930901	1150
19930902	1070
19930903	998
19930904	940
19930905	895
19930906	855
19930907	903
19930908	866
19930909	978
19930910	1090
19930911	1010
19930912	956
19930913	894
19930914	967
19930915	959
19930916	1080
19930917	1210
19930918	1210
19930919	1120
19930920	1230
19930921	1490
19930922	1520
19930923	1420
19930924	1310
19930925	1190
19930926	1120
19930927	1140
19930928	1230
19930929	1210
19930930	1180
19931001	1210
19931002	1170
19931003	1170
19931004	1130
19931005	1070
19931006	1010
19931007	968
19931008	930
19931009	894
19931010	863
19931011	823
19931012	795
19931013	828
19931014	870
19931015	870
19931016	853
19931017	855
19931018	844
19931019	850
19931020	831
19931021	808
19931022	775
19931023	745
19931024	730
19931025	731
19931026	717
19931027	733
19931028	745
19931029	719
19931030	694
19931031	673
19931101	664
19931102	664
19931103	659
19931104	669
19931105	682
19931106	660
19931107	657
19931108	651
19931109	639
19931110	633
19931111	614
19931112	597
19931113	578
19931114	567
19931115	546
19931116	532
19931117	521
19931118	515
19931119	504
19931120	498
19931121	484
19931122	472
19931123	462
19931124	457
19931125	453
19931126	443
19931127	433
19931128	427
19931129	419
19931130	418
19931201	409
19931202	404
19931203	394
19931204	385
19931205	380
19931206	376
19931207	366
19931208	361
19931209	361
19931210	353
19931211	352
19931212	348
19931213	343
19931214	343
19931215	335
19931216	334
19931217	334
19931218	326
19931219	321
19931220	316
19931221	316
19931222	313
19931223	308
19931224	304
19931225	295
19931226	290
19931227	290
19931228	287
19931229	282
19931230	286
19931231	282
19940101	280
19940102	280
19940103	280
19940104	276
19940105	271
19940106	271
19940107	268
19940108	264
19940109	264
19940110	261
19940111	256
19940112	256
19940113	253
19940114	249
19940115	249
19940116	249
19940117	242
19940118	241
19940119	241
19940120	241
19940121	235
19940122	234
19940123	234
19940124	234
19940125	234
19940126	234
19940127	228
19940128	227
19940129	227
19940130	227
19940131	225
19940201	221
19940202	221
19940203	221
19940204	221
19940205	221
19940206	216
19940207	215
19940208	215
19940209	215
19940210	215
19940211	215
19940212	212
19940213	209
19940214	209
19940215	209
19940216	209
19940217	209
19940218	209
19940219	206
19940220	202
19940221	202
19940222	202
19940223	202
19940224	202
19940225	202
19940226	197
19940227	196
19940228	196
19940301	196
19940302	196
19940303	196
19940304	196
19940305	196
19940306	196
19940307	196
19940308	196
19940309	196
19940310	196
19940311	196
19940312	196
19940313	196
19940314	199
19940315	202
19940316	205
19940317	197
19940318	196
19940319	196
19940320	196
19940321	199
19940322	194
19940323	190
19940324	190
19940325	190
19940326	190
19940327	190
19940328	195
19940329	193
19940330	196
19940331	196
19940401	194
19940402	190
19940403	193
19940404	218
19940405	219
19940406	243
19940407	269
19940408	293
19940409	357
19940410	377
19940411	418
19940412	352
19940413	303
19940414	286
19940415	284
19940416	284
19940417	287
19940418	293
19940419	311
19940420	332
19940421	332
19940422	337
19940423	368
19940424	383
19940425	444
19940426	483
19940427	530
19940428	538
19940429	529
19940430	522
19940501	548
19940502	622
19940503	660
19940504	670
19940505	708
19940506	582
19940507	540
19940508	549
19940509	623
19940510	585
19940511	587
19940512	707
19940513	941
19940514	891
19940515	898
19940516	782
19940517	684
19940518	626
19940519	641
19940520	700
19940521	786
19940522	851
19940523	918
19940524	1020
19940525	893
19940526	1190
19940527	1130
19940528	962
19940529	905
19940530	815
19940531	765
19940601	789
19940602	743
19940603	723
19940604	966
19940605	1200
19940606	1550
19940607	1710
19940608	1880
19940609	1690
19940610	1550
19940611	1760
19940612	1640
19940613	2170
19940614	2490
19940615	2500
19940616	2660
19940617	2130
19940618	1870
19940619	1950
19940620	1730
19940621	1600
19940622	1420
19940623	1350
19940624	1560
19940625	1450
19940626	1310
19940627	1240
19940628	1240
19940629	1290
19940630	2560
19940701	1930
19940702	1570
19940703	1370
19940704	1220
19940705	1140
19940706	1120
19940707	1200
19940708	1160
19940709	1070
19940710	1080
19940711	1200
19940712	1020
19940713	944
19940714	892
19940715	911
19940716	894
19940717	860
19940718	854
19940719	897
19940720	838
19940721	787
19940722	776
19940723	911
19940724	971
19940725	877
19940726	832
19940727	785
19940728	887
19940729	916
19940730	840
19940731	771
19940801	731
19940802	704
19940803	694
19940804	682
19940805	659
19940806	664
19940807	685
19940808	624
19940809	598
19940810	573
19940811	573
19940812	573
19940813	579
19940814	576
19940815	579
19940816	545
19940817	526
19940818	509
19940819	491
19940820	478
19940821	589
19940822	662
19940823	624
19940824	615
19940825	667
19940826	700
19940827	622
19940828	635
19940829	594
19940830	556
19940831	527
19940901	614
19940902	651
19940903	653
19940904	719
19940905	689
19940906	635
19940907	581
19940908	555
19940909	530
19940910	512
19940911	560
19940912	548
19940913	596
19940914	736
19940915	774
19940916	1160
19940917	1200
19940918	1010
19940919	1050
19940920	1350
19940921	1570
19940922	1520
19940923	1330
19940924	1160
19940925	1050
19940926	1060
19940927	1110
19940928	1150
19940929	1130
19940930	1090
19941001	1100
19941002	1190
19941003	1210
19941004	1160
19941005	1100
19941006	1060
19941007	1030
19941008	1080
19941009	1090
19941010	1120
19941011	1100
19941012	1060
19941013	1050
19941014	1020
19941015	1010
19941016	972
19941017	928
19941018	895
19941019	847
19941020	796
19941021	770
19941022	746
19941023	715
19941024	688
19941025	662
19941026	636
19941027	618
19941028	622
19941029	601
19941030	584
19941031	568
19941101	549
19941102	535
19941103	523
19941104	505
19941105	499
19941106	488
19941107	477
19941108	465
19941109	459
19941110	454
19941111	443
19941112	432
19941113	426
19941114	422
19941115	416
19941116	416
19941117	407
19941118	397
19941119	392
19941120	386
19941121	377
19941122	376
19941123	367
19941124	357
19941125	352
19941126	347
19941127	347
19941128	339
19941129	338
19941130	330
19941201	329
19941202	325
19941203	320
19941204	316
19941205	311
19941206	311
19941207	311
19941208	303
19941209	302
19941210	302
19941211	297
19941212	291
19941213	291
19941214	284
19941215	283
19941216	280
19941217	276
19941218	276
19941219	276
19941220	274
19941221	270
19941222	270
19941223	270
19941224	270
19941225	265
19941226	264
19941227	261
19941228	258
19941229	258
19941230	258
19941231	258
19950101	253
19950102	247
19950103	246
19950104	246
19950105	240
19950106	239
19950107	239
19950108	233
19950109	232
19950110	232
19950111	232
19950112	229
19950113	225
19950114	225
19950115	225
19950116	225
19950117	225
19950118	225
19950119	225
19950120	225
19950121	225
19950122	225
19950123	219
19950124	218
19950125	218
19950126	215
19950127	212
19950128	212
19950129	212
19950130	212
19950131	212
19950201	210
19950202	206
19950203	206
19950204	206
19950205	206
19950206	206
19950207	201
19950208	200
19950209	198
19950210	195
19950211	195
19950212	195
19950213	195
19950214	195
19950215	195
19950216	195
19950217	195
19950218	193
19950219	190
19950220	190
19950221	190
19950222	190
19950223	190
19950224	190
19950225	190
19950226	190
19950227	190
19950228	185
19950301	184
19950302	184
19950303	184
19950304	184
19950305	184
19950306	184
19950307	184
19950308	189
19950309	190
19950310	190
19950311	190
19950312	190
19950313	192
19950314	195
19950315	195
19950316	195
19950317	199
19950318	200
19950319	200
19950320	200
19950321	203
19950322	209
19950323	209
19950324	215
19950325	218
19950326	228
19950327	260
19950328	344
19950329	289
19950330	244
19950331	251
19950401	243
19950402	239
19950403	230
19950404	231
19950405	225
19950406	216
19950407	213
19950408	229
19950409	231
19950410	220
19950411	216
19950412	232
19950413	277
19950414	261
19950415	249
19950416	293
19950417	310
19950418	348
19950419	316
19950420	372
19950421	375
19950422	416
19950423	421
19950424	493
19950425	485
19950426	386
19950427	609
19950428	554
19950429	532
19950430	500
19950501	539
19950502	571
19950503	561
19950504	594
19950505	546
19950506	515
19950507	463
19950508	450
19950509	484
19950510	529
19950511	641
19950512	775
19950513	950
19950514	994
19950515	755
19950516	794
19950517	998
19950518	1630
19950519	2970
19950520	2730
19950521	2430
19950522	1620
19950523	1900
19950524	2480
19950525	2220
19950526	1920
19950527	1860
19950528	2090
19950529	2030
19950530	2380
19950531	2160
19950601	2080
19950602	1940
19950603	1860
19950604	1960
19950605	1760
19950606	1690
19950607	1810
19950608	1620
19950609	1580
19950610	1500
19950611	1330
19950612	1280
19950613	1270
19950614	1390
19950615	1670
19950616	1710
19950617	1460
19950618	1340
19950619	1190
19950620	1350
19950621	1330
19950622	1660
19950623	1570
19950624	2280
19950625	2310
19950626	2070
19950627	1720
19950628	1500
19950629	1410
19950630	1350
19950701	1380
19950702	1350
19950703	1530
19950704	1680
19950705	1480
19950706	1410
19950707	1740
19950708	1490
19950709	1370
19950710	1290
19950711	1220
19950712	1100
19950713	1220
19950714	1120
19950715	1470
19950716	1590
19950717	1600
19950718	1640
19950719	1650
19950720	1470
19950721	1320
19950722	1220
19950723	1130
19950724	1330
19950725	1210
19950726	1100
19950727	1050
19950728	979
19950729	987
19950730	1010
19950731	966
19950801	939
19950802	919
19950803	957
19950804	1080
19950805	1030
19950806	985
19950807	886
19950808	837
19950809	797
19950810	784
19950811	896
19950812	934
19950813	807
19950814	784
19950815	753
19950816	1010
19950817	938
19950818	854
19950819	793
19950820	726
19950821	773
19950822	688
19950823	643
19950824	940
19950825	918
19950826	1340
19950827	1350
19950828	1170
19950829	1130
19950830	1080
19950831	976
19950901	937
19950902	870
19950903	771
19950904	747
19950905	717
19950906	728
19950907	707
19950908	688
19950909	685
19950910	758
19950911	838
19950912	844
19950913	1030
19950914	1000
19950915	924
19950916	929
19950917	941
19950918	943
19950919	1020
19950920	934
19950921	851
19950922	802
19950923	783
19950924	743
19950925	716
19950926	707
19950927	707
19950928	681
19950929	625
19950930	628
19951001	628
19951002	725
19951003	765
19951004	713
19951005	775
19951006	676
19951007	712
19951008	675
19951009	657
19951010	699
19951011	678
19951012	657
19951013	689
19951014	676
19951015	633
19951016	614
19951017	660
19951018	618
19951019	600
19951020	644
19951021	656
19951022	612
19951023	559
19951024	588
19951025	565
19951026	582
19951027	510
19951028	516
19951029	515
19951030	492
19951031	523
19951101	491
19951102	524
19951103	476
19951104	505
19951105	504
19951106	479
19951107	477
19951108	499
19951109	477
19951110	430
19951111	424
19951112	408
19951113	432
19951114	423
19951115	388
19951116	383
19951117	390
19951118	396
19951119	389
19951120	383
19951121	375
19951122	378
19951123	370
19951124	374
19951125	351
19951126	346
19951127	351
19951128	346
19951129	342
19951130	337
19951201	337
19951202	337
19951203	337
19951204	333
19951205	332
19951206	328
19951207	328
19951208	320
19951209	319
19951210	319
19951211	319
19951212	319
19951213	319
19951214	319
19951215	311
19951216	310
19951217	310
19951218	310
19951219	310
19951220	307
19951221	302
19951222	302
19951223	302
19951224	302
19951225	302
19951226	302
19951227	302
19951228	302
19951229	299
19951230	294
19951231	294
19960101	290
19960102	290
19960103	290
19960104	290
19960105	290
19960106	290
19960107	286
19960108	281
19960109	281
19960110	281
19960111	281
19960112	281
19960113	281
19960114	281
19960115	281
19960116	281
19960117	281
19960118	281
19960119	281
19960120	281
19960121	281
19960122	281
19960123	281
19960124	281
19960125	278
19960126	273
19960127	273
19960128	273
19960129	273
19960130	273
19960131	273
19960201	265
19960202	264
19960203	264
19960204	264
19960205	264
19960206	264
19960207	261
19960208	256
19960209	256
19960210	256
19960211	256
19960212	256
19960213	256
19960214	256
19960215	256
19960216	248
19960217	247
19960218	244
19960219	239
19960220	239
19960221	231
19960222	226
19960223	221
19960224	221
19960225	221
19960226	214
19960227	213
19960228	213
19960229	213
19960301	213
19960302	214
19960303	236
19960304	239
19960305	239
19960306	243
19960307	255
19960308	256
19960309	256
19960310	259
19960311	264
19960312	264
19960313	264
19960314	264
19960315	264
19960316	264
19960317	264
19960318	272
19960319	273
19960320	273
19960321	273
19960322	273
19960323	273
19960324	273
19960325	273
19960326	273
19960327	273
19960328	273
19960329	280
19960330	281
19960331	281
19960401	281
19960402	281
19960403	289
19960404	294
19960405	295
19960406	290
19960407	294
19960408	303
19960409	318
19960410	324
19960411	332
19960412	329
19960413	333
19960414	337
19960415	342
19960416	342
19960417	342
19960418	350
19960419	365
19960420	381
19960421	383
19960422	370
19960423	369
19960424	369
19960425	413
19960426	433
19960427	412
19960428	447
19960429	446
19960430	458
19960501	439
19960502	496
19960503	634
19960504	643
19960505	620
19960506	749
19960507	740
19960508	715
19960509	669
19960510	568
19960511	606
19960512	605
19960513	667
19960514	720
19960515	667
19960516	714
19960517	705
19960518	807
19960519	919
19960520	714
19960521	765
19960522	837
19960523	838
19960524	861
19960525	826
19960526	812
19960527	808
19960528	718
19960529	673
19960530	648
19960531	818
19960601	1400
19960602	1450
19960603	1600
19960604	2070
19960605	1900
19960606	1840
19960607	1570
19960608	1550
19960609	1410
19960610	1320
19960611	1320
19960612	1200
19960613	1090
19960614	1030
19960615	1050
19960616	1100
19960617	1150
19960618	1130
19960619	1160
19960620	1270
19960621	1080
19960622	977
19960623	1280
19960624	1100
19960625	998
19960626	999
19960627	947
19960628	915
19960629	947
19960630	974
19960701	1230
19960702	1280
19960703	1810
19960704	1730
19960705	1940
19960706	1790
19960707	1570
19960708	1760
19960709	1980
19960710	1720
19960711	1500
19960712	1340
19960713	1210
19960714	1180
19960715	1130
19960716	1110
19960717	1020
19960718	994
19960719	1040
19960720	1060
19960721	1050
19960722	1080
19960723	1040
19960724	1080
19960725	1030
19960726	960
19960727	967
19960728	1310
19960729	1460
19960730	1270
19960731	1200
19960801	1740
19960802	1680
19960803	1370
19960804	1200
19960805	1130
19960806	1030
19960807	928
19960808	936
19960809	974
19960810	873
19960811	1380
19960812	1160
19960813	1060
19960814	942
19960815	888
19960816	874
19960817	828
19960818	801
19960819	737
19960820	734
19960821	704
19960822	696
19960823	673
19960824	649
19960825	615
19960826	686
19960827	687
19960828	907
19960829	898
19960830	807
19960831	701
19960901	688
19960902	666
19960903	645
19960904	641
19960905	721
19960906	760
19960907	825
19960908	922
19960909	989
19960910	938
19960911	1120
19960912	1410
19960913	1270
19960914	1110
19960915	916
19960916	877
19960917	829
19960918	837
19960919	877
19960920	845
19960921	833
19960922	863
19960923	806
19960924	741
19960925	729
19960926	714
19960927	698
19960928	726
19960929	723
19960930	749
19961001	893
19961002	839
19961003	801
19961004	775
19961005	787
19961006	822
19961007	822
19961008	804
19961009	891
19961010	1020
19961011	997
19961012	969
19961013	993
19961014	983
19961015	935
19961016	907
19961017	920
19961018	917
19961019	821
19961020	744
19961021	720
19961022	692
19961023	664
19961024	662
19961025	644
19961026	636
19961027	628
19961028	606
19961029	572
19961030	570
19961031	576
19961101	600
19961102	622
19961103	588
19961104	550
19961105	546
19961106	564
19961107	543
19961108	534
19961109	524
19961110	532
19961111	514
19961112	522
19961113	522
19961114	526
19961115	531
19961116	522
19961117	518
19961118	512
19961119	482
19961120	463
19961121	461
19961122	455
19961123	453
19961124	448
19961125	447
19961126	442
19961127	447
19961128	437
19961129	425
19961130	426
19961201	426
19961202	426
19961203	426
19961204	422
19961205	421
19961206	416
19961207	412
19961208	406
19961209	398
19961210	386
19961211	386
19961212	390
19961213	387
19961214	382
19961215	376
19961216	376
19961217	376
19961218	376
19961219	376
19961220	376
19961221	376
19961222	376
19961223	376
19961224	376
19961225	376
19961226	376
19961227	376
19961228	376
19961229	376
19961230	376
19961231	367
19970101	356
19970102	353
19970103	348
19970104	344
19970105	339
19970106	333
19970107	324
19970108	324
19970109	324
19970110	324
19970111	324
19970112	324
19970113	324
19970114	321
19970115	316
19970116	316
19970117	316
19970118	316
19970119	316
19970120	316
19970121	316
19970122	316
19970123	316
19970124	316
19970125	316
19970126	316
19970127	316
19970128	316
19970129	316
19970130	316
19970131	316
19970201	316
19970202	316
19970203	309
19970204	305
19970205	304
19970206	300
19970207	300
19970208	293
19970209	292
19970210	284
19970211	270
19970212	268
19970213	268
19970214	249
19970215	245
19970216	232
19970217	230
19970218	230
19970219	230
19970220	230
19970221	230
19970222	230
19970223	230
19970224	230
19970225	230
19970226	230
19970227	230
19970228	230
19970301	230
19970302	230
19970303	230
19970304	230
19970305	230
19970306	230
19970307	230
19970308	230
19970309	232
19970310	299
19970311	311
19970312	316
19970313	316
19970314	319
19970315	327
19970316	332
19970317	338
19970318	343
19970319	344
19970320	339
19970321	343
19970322	333
19970323	336
19970324	332
19970325	338
19970326	347
19970327	340
19970328	343
19970329	344
19970330	339
19970331	339
19970401	339
19970402	347
19970403	348
19970404	344
19970405	343
19970406	348
19970407	358
19970408	350
19970409	348
19970410	348
19970411	355
19970412	356
19970413	359
19970414	357
19970415	364
19970416	365
19970417	365
19970418	369
19970419	373
19970420	390
19970421	395
19970422	401
19970423	462
19970424	375
19970425	477
19970426	444
19970427	438
19970428	406
19970429	407
19970430	436
19970501	356
19970502	357
19970503	469
19970504	518
19970505	490
19970506	621
19970507	735
19970508	751
19970509	716
19970510	812
19970511	803
19970512	759
19970513	819
19970514	948
19970515	1180
19970516	1130
19970517	1150
19970518	1280
19970519	1100
19970520	962
19970521	892
19970522	892
19970523	839
19970524	794
19970525	758
19970526	781
19970527	791
19970528	805
19970529	783
19970530	755
19970531	787
19970601	879
19970602	935
19970603	1050
19970604	1160
19970605	1260
19970606	1580
19970607	1560
19970608	2030
19970609	2480
19970610	1640
19970611	1400
19970612	1250
19970613	1220
19970614	1250
19970615	1110
19970616	1130
19970617	1230
19970618	1190
19970619	1280
19970620	1240
19970621	1370
19970622	1420
19970623	1400
19970624	1300
19970625	1400
19970626	1480
19970627	1530
19970628	1630
19970629	1900
19970630	1910
19970701	1970
19970702	1910
19970703	1900
19970704	1750
19970705	1750
19970706	1920
19970707	1870
19970708	1540
19970709	1260
19970710	1150
19970711	1120
19970712	1180
19970713	1230
19970714	1270
19970715	1220
19970716	1260
19970717	1380
19970718	1250
19970719	1160
19970720	1080
19970721	1020
19970722	988
19970723	970
19970724	998
19970725	921
19970726	922
19970727	908
19970728	995
19970729	1030
19970730	881
19970731	866
19970801	1070
19970802	959
19970803	874
19970804	876
19970805	836
19970806	811
19970807	1010
19970808	1340
19970809	1150
19970810	986
19970811	888
19970812	807
19970813	754
19970814	745
19970815	775
19970816	853
19970817	958
19970818	937
19970819	825
19970820	761
19970821	711
19970822	724
19970823	678
19970824	640
19970825	603
19970826	637
19970827	594
19970828	654
19970829	652
19970830	583
19970831	553
19970901	594
19970902	548
19970903	641
19970904	643
19970905	593
19970906	570
19970907	539
19970908	475
19970909	473
19970910	514
19970911	467
19970912	499
19970913	499
19970914	727
19970915	762
19970916	673
19970917	648
19970918	625
19970919	627
19970920	621
19970921	574
19970922	567
19970923	574
19970924	562
19970925	578
19970926	588
19970927	552
19970928	548
19970929	550
19970930	535
19971001	557
19971002	553
19971003	561
19971004	587
19971005	572
19971006	574
19971007	570
19971008	553
19971009	563
19971010	551
19971011	561
19971012	563
19971013	547
19971014	551
19971015	563
19971016	539
19971017	530
19971018	546
19971019	564
19971020	519
19971021	507
19971022	485
19971023	486
19971024	469
19971025	472
19971026	460
19971027	461
19971028	459
19971029	416
19971030	403
19971031	437
19971101	588
19971102	598
19971103	601
19971104	594
19971105	594
19971106	605
19971107	601
19971108	590
19971109	609
19971110	606
19971111	601
19971112	501
19971113	379
19971114	376
19971115	379
19971116	376
19971117	379
19971118	380
19971119	379
19971120	372
19971121	375
19971122	379
19971123	384
19971124	380
19971125	380
19971126	376
19971127	379
19971128	377
19971129	381
19971130	373
19971201	378
19971202	376
19971203	379
19971204	384
19971205	348
19971206	359
19971207	343
19971208	316
19971209	307
19971210	288
19971211	290
19971212	298
19971213	291
19971214	298
19971215	302
19971216	296
19971217	306
19971218	315
19971219	304
19971220	306
19971221	303
19971222	291
19971223	312
19971224	313
19971225	314
19971226	330
19971227	335
19971228	370
19971229	371
19971230	370
19971231	346
19980101	319
19980102	338
19980103	325
19980104	334
19980105	284
19980106	333
19980107	335
19980108	347
19980109	346
19980110	345
19980111	349
19980112	350
19980113	366
19980114	355
19980115	349
19980116	354
19980117	375
19980118	356
19980119	358
19980120	372
19980121	373
19980122	368
19980123	372
19980124	372
19980125	372
19980126	376
19980127	382
19980128	382
19980129	382
19980130	378
19980131	377
19980201	381
19980202	378
19980203	376
19980204	378
19980205	353
19980206	343
19980207	337
19980208	333
19980209	335
19980210	328
19980211	326
19980212	326
19980213	326
19980214	323
19980215	325
19980216	323
19980217	329
19980218	333
19980219	230
19980220	220
19980221	222
19980222	308
19980223	222
19980224	214
19980225	215
19980226	210
19980227	214
19980228	222
19980301	255
19980302	251
19980303	253
19980304	257
19980305	259
19980306	261
19980307	266
19980308	258
19980309	254
19980310	260
19980311	258
19980312	256
19980313	218
19980314	257
19980315	262
19980316	258
19980317	262
19980318	256
19980319	222
19980320	276
19980321	285
19980322	279
19980323	276
19980324	280
19980325	280
19980326	280
19980327	281
19980328	284
19980329	280
19980330	401
19980331	245
19980401	211
19980402	224
19980403	240
19980404	255
19980405	279
19980406	290
19980407	340
19980408	262
19980409	248
19980410	275
19980411	288
19980412	250
19980413	237
19980414	231
19980415	204
19980416	190
19980417	193
19980418	231
19980419	245
19980420	261
19980421	193
19980422	264
19980423	358
19980424	294
19980425	373
19980426	482
19980427	497
19980428	622
19980429	561
19980430	623
19980501	634
19980502	601
19980503	550
19980504	594
19980505	665
19980506	766
19980507	1070
19980508	917
19980509	930
19980510	937
19980511	778
19980512	727
19980513	746
19980514	671
19980515	649
19980516	617
19980517	589
19980518	512
19980519	542
19980520	566
19980521	680
19980522	937
19980523	1120
19980524	1140
19980525	1000
19980526	889
19980527	782
19980528	729
19980529	658
19980530	622
19980531	894
19980601	878
19980602	782
19980603	853
19980604	855
19980605	799
19980606	798
19980607	808
19980608	793
19980609	874
19980610	809
19980611	804
19980612	773
19980613	1130
19980614	1370
19980615	1370
19980616	1190
19980617	1210
19980618	1290
19980619	1200
19980620	1060
19980621	1000
19980622	937
19980623	902
19980624	1200
19980625	1280
19980626	1570
19980627	1250
19980628	1360
19980629	1170
19980630	1030
19980701	944
19980702	911
19980703	855
19980704	976
19980705	1040
19980706	1100
19980707	1560
19980708	1740
19980709	1890
19980710	1910
19980711	2200
19980712	1940
19980713	1600
19980714	1350
19980715	1220
19980716	1390
19980717	1880
19980718	1410
19980719	1210
19980720	1240
19980721	1630
19980722	1700
19980723	1780
19980724	1590
19980725	1500
19980726	1340
19980727	1320
19980728	1260
19980729	1130
19980730	1030
19980731	1040
19980801	950
19980802	1400
19980803	1070
19980804	1070
19980805	1130
19980806	1210
19980807	1150
19980808	1140
19980809	1060
19980810	987
19980811	983
19980812	998
19980813	1130
19980814	1440
19980815	1460
19980816	1570
19980817	1310
19980818	1150
19980819	1070
19980820	1300
19980821	1120
19980822	1040
19980823	1060
19980824	982
19980825	983
19980826	975
19980827	1220
19980828	1310
19980829	1310
19980830	1330
19980831	1250
19980901	1120
19980902	1140
19980903	1250
19980904	1420
19980905	1320
19980906	1190
19980907	1080
19980908	999
19980909	898
19980910	869
19980911	823
19980912	777
19980913	765
19980914	720
19980915	711
19980916	679
19980917	675
19980918	717
19980919	778
19980920	768
19980921	713
19980922	692
19980923	707
19980924	822
19980925	824
19980926	884
19980927	891
19980928	833
19980929	788
19980930	707
19981001	681
19981002	670
19981003	746
19981004	709
19981005	799
19981006	790
19981007	814
19981008	796
19981009	839
19981010	892
19981011	841
19981012	806
19981013	910
19981014	911
19981015	847
19981016	813
19981017	829
19981018	817
19981019	767
19981020	721
19981021	723
19981022	742
19981023	720
19981024	769
19981025	759
19981026	801
19981027	729
19981028	750
19981029	727
19981030	714
19981031	680
19981101	685
19981102	665
19981103	656
19981104	635
19981105	585
19981106	569
19981107	605
19981108	590
19981109	560
19981110	613
19981111	628
19981112	549
19981113	560
19981114	549
19981115	581
19981116	458
19981117	486
19981118	468
19981119	451
19981120	476
19981121	449
19981122	458
19981123	439
19981124	422
19981125	422
19981126	407
19981127	403
19981128	385
19981129	394
19981130	381
19981201	371
19981202	371
19981203	350
19981204	404
19981205	368
19981206	405
19981207	364
19981208	350
19981209	351
19981210	351
19981211	332
19981212	334
19981213	340
19981214	334
19981215	307
19981216	315
19981217	302
19981218	305
19981219	294
19981220	284
19981221	284
19981222	279
19981223	291
19981224	283
19981225	271
19981226	270
19981227	265
19981228	273
19981229	262
19981230	261
19981231	260
19990101	251
19990102	248
19990103	225
19990104	263
19990105	251
19990106	251
19990107	225
19990108	250
19990109	239
19990110	229
19990111	232
19990112	233
19990113	227
19990114	225
19990115	223
19990116	222
19990117	219
19990118	238
19990119	228
19990120	228
19990121	234
19990122	232
19990123	228
19990124	223
19990125	220
19990126	215
19990127	228
19990128	216
19990129	211
19990130	222
19990131	211
19990201	213
19990202	212
19990203	209
19990204	193
19990205	202
19990206	214
19990207	216
19990208	200
19990209	186
19990210	183
19990211	201
19990212	199
19990213	200
19990214	197
19990215	200
19990216	196
19990217	198
19990218	198
19990219	204
19990220	193
19990221	182
19990222	204
19990223	199
19990224	201
19990225	192
19990226	198
19990227	210
19990228	194
19990301	196
19990302	198
19990303	210
19990304	197
19990305	188
19990306	206
19990307	227
19990308	195
19990309	193
19990310	202
19990311	204
19990312	248
19990313	176
19990314	218
19990315	202
19990316	189
19990317	230
19990318	232
19990319	248
19990320	247
19990321	233
19990322	199
19990323	189
19990324	199
19990325	187
19990326	184
19990327	183
19990328	186
19990329	175
19990330	182
19990331	185
19990401	182
19990402	219
19990403	207
19990404	203
19990405	200
19990406	202
19990407	233
19990408	241
19990409	240
19990410	221
19990411	242
19990412	231
19990413	238
19990414	244
19990415	295
19990416	366
19990417	423
19990418	392
19990419	389
19990420	403
19990421	306
19990422	369
19990423	468
19990424	508
19990425	603
19990426	673
19990427	629
19990428	642
19990429	658
19990430	663
19990501	640
19990502	742
19990503	887
19990504	876
19990505	778
19990506	779
19990507	741
19990508	729
19990509	684
19990510	644
19990511	633
19990512	584
19990513	576
19990514	720
19990515	813
19990516	1130
19990517	1110
19990518	906
19990519	806
19990520	852
19990521	847
19990522	992
19990523	1080
19990524	1050
19990525	1020
19990526	995
19990527	889
19990528	1030
19990529	1150
19990530	1280
19990531	1680
19990601	1640
19990602	1570
19990603	1610
19990604	1550
19990605	1670
19990606	1730
19990607	1500
19990608	1410
19990609	1580
19990610	1680
19990611	1650
19990612	1730
19990613	1700
19990614	1620
19990615	1470
19990616	1720
19990617	1840
19990618	1530
19990619	1400
19990620	1310
19990621	1210
19990622	1220
19990623	1160
19990624	1350
19990625	1470
19990626	1460
19990627	1490
19990628	1390
19990629	2030
19990630	2230
19990701	2140
19990702	2190
19990703	2560
19990704	1990
19990705	1890
19990706	1730
19990707	1870
19990708	2270
19990709	2310
19990710	2010
19990711	1750
19990712	1540
19990713	1470
19990714	1510
19990715	1590
19990716	2340
19990717	2720
19990718	2160
19990719	1870
19990720	1730
19990721	1620
19990722	1680
19990723	1900
19990724	1800
19990725	1960
19990726	1890
19990727	1650
19990728	1520
19990729	1450
19990730	1240
19990731	1190
19990801	1160
19990802	1070
19990803	1060
19990804	968
19990805	937
19990806	910
19990807	880
19990808	863
19990809	970
19990810	906
19990811	888
19990812	998
19990813	930
19990814	909
19990815	1130
19990816	1120
19990817	1000
19990818	980
19990819	966
19990820	1600
19990821	1770
19990822	1470
19990823	1270
19990824	1140
19990825	1060
19990826	985
19990827	930
19990828	973
19990829	954
19990830	941
19990831	867
19990901	855
19990902	871
19990903	835
19990904	801
19990905	785
19990906	816
19990907	752
19990908	744
19990909	688
19990910	682
19990911	716
19990912	673
19990913	683
19990914	933
19990915	741
19990916	714
19990917	693
19990918	776
19990919	734
19990920	721
19990921	686
19990922	762
19990923	727
19990924	682
19990925	660
19990926	628
19990927	689
19990928	738
19990929	758
19990930	725
19991001	690
19991002	653
19991003	764
19991004	764
19991005	923
19991006	1020
19991007	937
19991008	927
19991009	927
19991010	1060
19991011	1060
19991012	1030
19991013	1010
19991014	965
19991015	939
19991016	983
19991017	960
19991018	928
19991019	910
19991020	900
19991021	943
19991022	976
19991023	998
19991024	1000
19991025	966
19991026	922
19991027	894
19991028	848
19991029	812
19991030	787
19991031	743
19991101	734
19991102	700
19991103	695
19991104	641
19991105	674
19991106	643
19991107	630
19991108	606
19991109	588
19991110	529
19991111	580
19991112	546
19991113	550
19991114	545
19991115	485
19991116	523
19991117	521
19991118	512
19991119	500
19991120	469
19991121	483
19991122	457
19991123	430
19991124	428
19991125	423
19991126	398
19991127	404
19991128	385
19991129	381
19991130	364
19991201	377
19991202	376
19991203	372
19991204	374
19991205	369
19991206	358
19991207	348
19991208	337
19991209	344
19991210	324
19991211	326
19991212	323
19991213	325
19991214	312
19991215	308
19991216	316
19991217	320
19991218	317
19991219	304
19991220	303
19991221	304
19991222	297
19991223	284
19991224	281
19991225	273
19991226	261
19991227	303
19991228	279
19991229	285
19991230	268
19991231	264
20000101	246
20000102	236
20000103	241
20000104	247
20000105	269
20000106	266
20000107	257
20000108	283
20000109	279
20000110	261
20000111	261
20000112	252
20000113	247
20000114	247
20000115	241
20000116	245
20000117	230
20000118	250
20000119	250
20000120	232
20000121	237
20000122	237
20000123	244
20000124	228
20000125	234
20000126	233
20000127	238
20000128	231
20000129	225
20000130	237
20000131	235
20000201	232
20000202	220
20000203	232
20000204	242
20000205	234
20000206	234
20000207	227
20000208	231
20000209	254
20000210	223
20000211	249
20000212	234
20000213	234
20000214	234
20000215	227
20000216	227
20000217	251
20000218	216
20000219	234
20000220	230
20000221	218
20000222	218
20000223	219
20000224	225
20000225	202
20000226	223
20000227	210
20000228	207
20000229	206
20000301	196
20000302	197
20000303	204
20000304	203
20000305	188
20000306	190
20000307	193
20000308	198
20000309	199
20000310	197
20000311	186
20000312	189
20000313	193
20000314	205
20000315	205
20000316	198
20000317	199
20000318	195
20000319	197
20000320	207
20000321	213
20000322	226
20000323	236
20000324	228
20000325	225
20000326	224
20000327	221
20000328	218
20000329	232
20000330	265
20000331	252
20000401	217
20000402	264
20000403	265
20000404	231
20000405	233
20000406	226
20000407	220
20000408	220
20000409	245
20000410	236
20000411	231
20000412	249
20000413	237
20000414	234
20000415	223
20000416	234
20000417	257
20000418	320
20000419	319
20000420	370
20000421	355
20000422	399
20000423	448
20000424	510
20000425	511
20000426	482
20000427	455
20000428	480
20000429	537
20000430	511
20000501	494
20000502	472
20000503	462
20000504	436
20000505	477
20000506	590
20000507	735
20000508	792
20000509	722
20000510	694
20000511	714
20000512	690
20000513	747
20000514	828
20000515	1040
20000516	1160
20000517	1060
20000518	813
20000519	745
20000520	683
20000521	705
20000522	805
20000523	753
20000524	894
20000525	962
20000526	1140
20000527	1130
20000528	1150
20000529	1220
20000530	1290
20000531	1300
20000601	1390
20000602	1670
20000603	1780
20000604	1700
20000605	1580
20000606	1560
20000607	1650
20000608	1950
20000609	1690
20000610	1710
20000611	1540
20000612	1490
20000613	1320
20000614	1180
20000615	1080
20000616	1050
20000617	989
20000618	930
20000619	890
20000620	848
20000621	821
20000622	842
20000623	913
20000624	1030
20000625	1280
20000626	1450
20000627	1750
20000628	1930
20000629	1630
20000630	1360
20000701	1540
20000702	1440
20000703	1780
20000704	1540
20000705	1340
20000706	1190
20000707	1100
20000708	1090
20000709	1400
20000710	1420
20000711	1720
20000712	1710
20000713	1510
20000714	1470
20000715	1300
20000716	1180
20000717	1090
20000718	1060
20000719	989
20000720	985
20000721	919
20000722	872
20000723	851
20000724	817
20000725	781
20000726	750
20000727	707
20000728	700
20000729	704
20000730	844
20000731	719
20000801	664
20000802	708
20000803	730
20000804	691
20000805	684
20000806	750
20000807	833
20000808	941
20000809	776
20000810	719
20000811	723
20000812	688
20000813	645
20000814	633
20000815	744
20000816	709
20000817	1120
20000818	1080
20000819	889
20000820	785
20000821	741
20000822	725
20000823	792
20000824	715
20000825	717
20000826	852
20000827	870
20000828	865
20000829	846
20000830	823
20000831	769
20000901	719
20000902	664
20000903	657
20000904	603
20000905	720
20000906	808
20000907	855
20000908	886
20000909	944
20000910	1070
20000911	1110
20000912	1290
20000913	1230
20000914	1140
20000915	1020
20000916	955
20000917	890
20000918	857
20000919	812
20000920	754
20000921	721
20000922	686
20000923	694
20000924	696
20000925	749
20000926	751
20000927	743
20000928	780
20000929	741
20000930	728
20001001	699
20001002	705
20001003	678
20001004	643
20001005	623
20001006	596
20001007	571
20001008	565
20001009	547
20001010	532
20001011	529
20001012	612
20001013	564
20001014	542
20001015	542
20001016	561
20001017	575
20001018	541
20001019	515
20001020	513
20001021	529
20001022	540
20001023	510
20001024	510
20001025	548
20001026	510
20001027	500
20001028	487
20001029	475
20001030	448
20001031	448
20001101	427
20001102	436
20001103	433
20001104	427
20001105	389
20001106	414
20001107	402
20001108	397
20001109	423
20001110	381
20001111	397
20001112	411
20001113	384
20001114	361
20001115	364
20001116	399
20001117	354
20001118	364
20001119	355
20001120	371
20001121	317
20001122	347
20001123	348
20001124	343
20001125	346
20001126	327
20001127	325
20001128	308
20001129	303
20001130	323
20001201	298
20001202	290
20001203	308
20001204	287
20001205	303
20001206	270
20001207	279
20001208	285
20001209	276
20001210	280
20001211	295
20001212	282
20001213	272
20001214	273
20001215	270
20001216	263
20001217	245
20001218	273
20001219	246
20001220	241
20001221	258
20001222	173
20001223	291
20001224	257
20001225	226
20001226	221
20001227	244
20001228	229
20001229	221
20001230	241
20001231	230
20010101	228
20010102	225
20010103	232
20010104	237
20010105	219
20010106	204
20010107	248
20010108	225
20010109	241
20010110	223
20010111	230
20010112	222
20010113	214
20010114	221
20010115	208
20010116	206
20010117	222
20010118	221
20010119	219
20010120	218
20010121	188
20010122	196
20010123	206
20010124	194
20010125	195
20010126	198
20010127	196
20010128	199
20010129	184
20010130	194
20010131	193
20010201	191
20010202	193
20010203	184
20010204	189
20010205	183
20010206	187
20010207	203
20010208	202
20010209	203
20010210	196
20010211	180
20010212	204
20010213	195
20010214	199
20010215	217
20010216	206
20010217	213
20010218	204
20010219	198
20010220	211
20010221	214
20010222	165
20010223	230
20010224	224
20010225	173
20010226	229
20010227	210
20010228	207
20010301	203
20010302	200
20010303	203
20010304	201
20010305	205
20010306	207
20010307	192
20010308	198
20010309	202
20010310	195
20010311	205
20010312	196
20010313	200
20010314	200
20010315	207
20010316	204
20010317	194
20010318	209
20010319	192
20010320	194
20010321	189
20010322	194
20010323	201
20010324	228
20010325	213
20010326	191
20010327	197
20010328	193
20010329	190
20010330	209
20010331	208
20010401	204
20010402	222
20010403	233
20010404	225
20010405	245
20010406	253
20010407	258
20010408	245
20010409	263
20010410	254
20010411	202
20010412	238
20010413	226
20010414	251
20010415	303
20010416	345
20010417	296
20010418	348
20010419	444
20010420	412
20010421	464
20010422	509
20010423	591
20010424	524
20010425	499
20010426	517
20010427	512
20010428	527
20010429	555
20010430	568
20010501	457
20010502	454
20010503	504
20010504	540
20010505	559
20010506	590
20010507	707
20010508	773
20010509	639
20010510	575
20010511	585
20010512	627
20010513	657
20010514	685
20010515	705
20010516	781
20010517	817
20010518	734
20010519	687
20010520	690
20010521	660
20010522	674
20010523	887
20010524	1510
20010525	1270
20010526	1180
20010527	1030
20010528	1030
20010529	919
20010530	897
20010531	948
20010601	925
20010602	911
20010603	891
20010604	903
20010605	899
20010606	822
20010607	962
20010608	1700
20010609	1960
20010610	1770
20010611	1390
20010612	1300
20010613	1250
20010614	1290
20010615	1470
20010616	1790
20010617	1490
20010618	1540
20010619	1900
20010620	1560
20010621	1390
20010622	1250
20010623	1210
20010624	1230
20010625	1290
20010626	1370
20010627	1380
20010628	1400
20010629	1970
20010630	1410
20010701	1380
20010702	1290
20010703	1160
20010704	1160
20010705	1160
20010706	1150
20010707	1160
20010708	1140
20010709	1050
20010710	1030
20010711	1320
20010712	1150
20010713	986
20010714	942
20010715	863
20010716	828
20010717	780
20010718	781
20010719	851
20010720	770
20010721	1140
20010722	850
20010723	775
20010724	738
20010725	692
20010726	660
20010727	797
20010728	967
20010729	950
20010730	913
20010731	818
20010801	778
20010802	727
20010803	696
20010804	642
20010805	626
20010806	622
20010807	637
20010808	735
20010809	738
20010810	699
20010811	1200
20010812	1140
20010813	1230
20010814	1100
20010815	938
20010816	849
20010817	951
20010818	938
20010819	1270
20010820	1230
20010821	1090
20010822	1660
20010823	1420
20010824	1220
20010825	1080
20010826	996
20010827	947
20010828	1010
20010829	1060
20010830	1190
20010831	1250
20010901	1370
20010902	1460
20010903	1690
20010904	1510
20010905	1290
20010906	1300
20010907	1340
20010908	1450
20010909	1440
20010910	1360
20010911	1250
20010912	1430
20010913	1670
20010914	1460
20010915	1300
20010916	1160
20010917	1070
20010918	1000
20010919	947
20010920	1060
20010921	1030
20010922	1080
20010923	999
20010924	1420
20010925	1520
20010926	1360
20010927	1250
20010928	1130
20010929	1190
20010930	1130
20011001	1060
20011002	1020
20011003	957
20011004	895
20011005	878
20011006	894
20011007	972
20011008	954
20011009	902
20011010	873
20011011	845
20011012	807
20011013	784
20011014	774
20011015	807
20011016	908
20011017	977
20011018	914
20011019	903
20011020	925
20011021	909
20011022	866
20011023	817
20011024	773
20011025	749
20011026	746
20011027	742
20011028	716
20011029	710
20011030	672
20011031	685
20011101	698
20011102	674
20011103	665
20011104	667
20011105	667
20011106	615
20011107	588
20011108	617
20011109	579
20011110	565
20011111	552
20011112	452
20011113	548
20011114	599
20011115	506
20011116	555
20011117	490
20011118	490
20011119	490
20011120	472
20011121	464
20011122	465
20011123	464
20011124	399
20011125	465
20011126	389
20011127	448
20011128	393
20011129	440
20011130	432
20011201	434
20011202	397
20011203	402
20011204	398
20011205	349
20011206	388
20011207	399
20011208	358
20011209	376
20011210	356
20011211	350
20011212	359
20011213	348
20011214	344
20011215	347
20011216	345
20011217	335
20011218	342
20011219	347
20011220	326
20011221	331
20011222	330
20011223	303
20011224	306
20011225	320
20011226	298
20011227	275
20011228	324
20011229	293
20011230	308
20011231	284
20020101	266
20020102	270
20020103	282
20020104	247
20020105	260
20020106	259
20020107	258
20020108	256
20020109	250
20020110	243
20020111	248
20020112	239
20020113	244
20020114	252
20020115	221
20020116	234
20020117	242
20020118	244
20020119	241
20020120	244
20020121	213
20020122	252
20020123	237
20020124	221
20020125	234
20020126	228
20020127	197
20020128	220
20020129	218
20020130	218
20020131	201
20020201	184
20020202	219
20020203	181
20020204	223
20020205	189
20020206	218
20020207	244
20020208	228
20020209	232
20020210	223
20020211	220
20020212	218
20020213	227
20020214	227
20020215	210
20020216	204
20020217	207
20020218	208
20020219	206
20020220	193
20020221	204
20020222	211
20020223	205
20020224	204
20020225	195
20020226	202
20020227	195
20020228	198
20020301	210
20020302	212
20020303	210
20020304	205
20020305	235
20020306	203
20020307	203
20020308	201
20020309	202
20020310	203
20020311	213
20020312	192
20020313	197
20020314	189
20020315	190
20020316	190
20020317	200
20020318	194
20020319	203
20020320	199
20020321	198
20020322	201
20020323	208
20020324	205
20020325	207
20020326	222
20020327	230
20020328	247
20020329	233
20020330	299
20020331	221
20020401	220
20020402	220
20020403	224
20020404	244
20020405	237
20020406	215
20020407	229
20020408	239
20020409	250
20020410	290
20020411	234
20020412	250
20020413	242
20020414	246
20020415	232
20020416	249
20020417	287
20020418	293
20020419	300
20020420	308
20020421	297
20020422	317
20020423	315
20020424	376
20020425	393
20020426	491
20020427	572
20020428	569
20020429	612
20020430	512
20020501	509
20020502	429
20020503	437
20020504	444
20020505	452
20020506	453
20020507	448
20020508	444
20020509	449
20020510	463
20020511	469
20020512	433
20020513	481
20020514	482
20020515	470
20020516	497
20020517	500
20020518	633
20020519	754
20020520	710
20020521	968
20020522	971
20020523	915
20020524	828
20020525	742
20020526	702
20020527	712
20020528	671
20020529	834
20020530	912
20020531	910
20020601	1140
20020602	1160
20020603	1080
20020604	1060
20020605	1080
20020606	1230
20020607	1300
20020608	1500
20020609	1680
20020610	1480
20020611	1380
20020612	1700
20020613	1510
20020614	1320
20020615	1250
20020616	1120
20020617	1080
20020618	1170
20020619	1260
20020620	1390
20020621	1520
20020622	1550
20020623	1630
20020624	1750
20020625	1490
20020626	1290
20020627	1450
20020628	1290
20020629	1550
20020630	1430
20020701	1240
20020702	1280
20020703	1170
20020704	1180
20020705	1150
20020706	1080
20020707	1030
20020708	1040
20020709	1020
20020710	954
20020711	896
20020712	867
20020713	821
20020714	783
20020715	775
20020716	751
20020717	810
20020718	1090
20020719	960
20020720	859
20020721	807
20020722	906
20020723	1180
20020724	1130
20020725	1180
20020726	1050
20020727	1020
20020728	909
20020729	857
20020730	850
20020731	1060
20020801	1020
20020802	1160
20020803	1050
20020804	946
20020805	865
20020806	817
20020807	805
20020808	1010
20020809	1450
20020810	1270
20020811	1200
20020812	1180
20020813	1280
20020814	1190
20020815	1080
20020816	991
20020817	940
20020818	858
20020819	820
20020820	799
20020821	777
20020822	707
20020823	704
20020824	708
20020825	730
20020826	674
20020827	659
20020828	610
20020829	657
20020830	606
20020831	614
20020901	603
20020902	547
20020903	510
20020904	579
20020905	496
20020906	472
20020907	513
20020908	502
20020909	502
20020910	441
20020911	444
20020912	452
20020913	453
20020914	479
20020915	509
20020916	466
20020917	474
20020918	474
20020919	474
20020920	466
20020921	541
20020922	594
20020923	523
20020924	538
20020925	524
20020926	537
20020927	572
20020928	592
20020929	563
20020930	557
20021001	568
20021002	551
20021003	605
20021004	567
20021005	571
20021006	563
20021007	553
20021008	490
20021009	494
20021010	494
20021011	505
20021012	494
20021013	509
20021014	494
20021015	469
20021016	418
20021017	422
20021018	426
20021019	490
20021020	532
20021021	526
20021022	519
20021023	506
20021024	481
20021025	464
20021026	438
20021027	456
20021028	460
20021029	456
20021030	434
20021031	465
20021101	468
20021102	455
20021103	462
20021104	448
20021105	421
20021106	421
20021107	424
20021108	373
20021109	369
20021110	397
20021111	349
20021112	348
20021113	393
20021114	356
20021115	372
20021116	370
20021117	345
20021118	330
20021119	326
20021120	363
20021121	352
20021122	346
20021123	335
20021124	341
20021125	324
20021126	335
20021127	305
20021128	304
20021129	320
20021130	305
20021201	314
20021202	291
20021203	293
20021204	294
20021205	279
20021206	287
20021207	284
20021208	276
20021209	287
20021210	263
20021211	265
20021212	260
20021213	264
20021214	265
20021215	217
20021216	249
20021217	260
20021218	276
20021219	224
20021220	250
20021221	229
20021222	213
20021223	261
20021224	227
20021225	222
20021226	218
20021227	213
20021228	196
20021229	227
20021230	239
20021231	228
20030101	235
20030102	247
20030103	246
20030104	229
20030105	221
20030106	235
20030107	222
20030108	195
20030109	213
20030110	212
20030111	203
20030112	213
20030113	210
20030114	197
20030115	206
20030116	190
20030117	193
20030118	205
20030119	182
20030120	191
20030121	175
20030122	179
20030123	177
20030124	200
20030125	196
20030126	201
20030127	179
20030128	179
20030129	193
20030130	173
20030131	190
20030201	188
20030202	196
20030203	188
20030204	180
20030205	178
20030206	170
20030207	167
20030208	181
20030209	173
20030210	172
20030211	177
20030212	186
20030213	168
20030214	166
20030215	167
20030216	162
20030217	171
20030218	171
20030219	171
20030220	167
20030221	166
20030222	181
20030223	183
20030224	178
20030225	178
20030226	155
20030227	193
20030228	177
20030301	177
20030302	162
20030303	164
20030304	172
20030305	169
20030306	172
20030307	163
20030308	156
20030309	157
20030310	163
20030311	170
20030312	178
20030313	172
20030314	167
20030315	176
20030316	171
20030317	163
20030318	173
20030319	175
20030320	170
20030321	170
20030322	170
20030323	167
20030324	165
20030325	158
20030326	172
20030327	173
20030328	181
20030329	178
20030330	167
20030331	158
20030401	150
20030402	173
20030403	194
20030404	182
20030405	186
20030406	202
20030407	210
20030408	214
20030409	187
20030410	178
20030411	178
20030412	207
20030413	200
20030414	207
20030415	200
20030416	201
20030417	206
20030418	238
20030419	233
20030420	244
20030421	304
20030422	319
20030423	371
20030424	312
20030425	317
20030426	279
20030427	303
20030428	336
20030429	369
20030430	317
20030501	296
20030502	337
20030503	364
20030504	395
20030505	391
20030506	470
20030507	544
20030508	476
20030509	481
20030510	463
20030511	466
20030512	487
20030513	463
20030514	453
20030515	518
20030516	523
20030517	664
20030518	731
20030519	771
20030520	735
20030521	799
20030522	828
20030523	846
20030524	880
20030525	866
20030526	1140
20030527	1310
20030528	1600
20030529	1360
20030530	1220
20030531	1620
20030601	1590
20030602	1410
20030603	1290
20030604	1370
20030605	1360
20030606	1290
20030607	1180
20030608	1090
20030609	1150
20030610	1230
20030611	1270
20030612	1290
20030613	1210
20030614	1100
20030615	1070
20030616	1010
20030617	992
20030618	1090
20030619	1130
20030620	1110
20030621	1150
20030622	1470
20030623	1580
20030624	1890
20030625	2590
20030626	3040
20030627	2180
20030628	1840
20030629	2030
20030630	2360
20030701	2160
20030702	2600
20030703	2480
20030704	2080
20030705	1780
20030706	1670
20030707	1540
20030708	1340
20030709	1400
20030710	1400
20030711	1620
20030712	1690
20030713	1550
20030714	1720
20030715	1530
20030716	1990
20030717	1710
20030718	1530
20030719	1620
20030720	1390
20030721	1260
20030722	1160
20030723	1160
20030724	1060
20030725	1070
20030726	1060
20030727	1020
20030728	1050
20030729	1070
20030730	967
20030731	909
20030801	864
20030802	877
20030803	1030
20030804	974
20030805	877
20030806	879
20030807	858
20030808	832
20030809	1240
20030810	1350
20030811	1450
20030812	1330
20030813	1270
20030814	1230
20030815	1770
20030816	1700
20030817	1500
20030818	1310
20030819	1190
20030820	1080
20030821	1040
20030822	1060
20030823	968
20030824	1060
20030825	1150
20030826	1080
20030827	1120
20030828	1020
20030829	1130
20030830	1510
20030831	1470
20030901	1460
20030902	1570
20030903	1350
20030904	1430
20030905	1420
20030906	1990
20030907	1900
20030908	1790
20030909	1660
20030910	1490
20030911	1350
20030912	1240
20030913	1140
20030914	1070
20030915	991
20030916	945
20030917	889
20030918	914
20030919	940
20030920	1130
20030921	1170
20030922	1020
20030923	953
20030924	895
20030925	861
20030926	805
20030927	803
20030928	786
20030929	738
20030930	718
20031001	705
20031002	683
20031003	693
20031004	692
20031005	692
20031006	692
20031007	692
20031008	669
20031009	610
20031010	592
20031011	607
20031012	585
20031013	572
20031014	541
20031015	576
20031016	549
20031017	549
20031018	545
20031019	529
20031020	531
20031021	490
20031022	525
20031023	512
20031024	527
20031025	519
20031026	492
20031027	491
20031028	477
20031029	485
20031030	456
20031031	453
20031101	443
20031102	432
20031103	417
20031104	415
20031105	416
20031106	395
20031107	387
20031108	390
20031109	392
20031110	393
20031111	379
20031112	379
20031113	370
20031114	347
20031115	331
20031116	352
20031117	334
20031118	340
20031119	343
20031120	325
20031121	321
20031122	306
20031123	302
20031124	302
20031125	298
20031126	297
20031127	300
20031128	299
20031129	299
20031130	291
20031201	284
20031202	287
20031203	281
20031204	288
20031205	278
20031206	279
20031207	269
20031208	275
20031209	266
20031210	263
20031211	271
20031212	255
20031213	251
20031214	248
20031215	254
20031216	235
20031217	250
20031218	250
20031219	251
20031220	245
20031221	224
20031222	236
20031223	238
20031224	228
20031225	225
20031226	240
20031227	239
20031228	231
20031229	220
20031230	215
20031231	219
20040101	244
20040102	237
20040103	229
20040104	213
20040105	227
20040106	238
20040107	226
20040108	226
20040109	235
20040110	215
20040111	217
20040112	242
20040113	269
20040114	262
20040115	214
20040116	235
20040117	196
20040118	222
20040119	221
20040120	197
20040121	201
20040122	193
20040123	194
20040124	189
20040125	191
20040126	195
20040127	190
20040128	195
20040129	192
20040130	187
20040131	193
20040201	196
20040202	193
20040203	193
20040204	199
20040205	189
20040206	194
20040207	196
20040208	194
20040209	205
20040210	194
20040211	196
20040212	194
20040213	181
20040214	188
20040215	193
20040216	186
20040217	174
20040218	166
20040219	170
20040220	157
20040221	160
20040222	154
20040223	150
20040224	144
20040225	149
20040226	162
20040227	177
20040228	158
20040229	148
20040301	185
20040302	186
20040303	181
20040304	206
20040305	202
20040306	215
20040307	202
20040308	196
20040309	199
20040310	205
20040311	220
20040312	226
20040313	222
20040314	239
20040315	253
20040316	249
20040317	252
20040318	256
20040319	253
20040320	262
20040321	263
20040322	290
20040323	292
20040324	298
20040325	273
20040326	273
20040327	281
20040328	262
20040329	281
20040330	283
20040331	278
20040401	296
20040402	251
20040403	239
20040404	247
20040405	272
20040406	245
20040407	248
20040408	232
20040409	230
20040410	227
20040411	231
20040412	254
20040413	263
20040414	268
20040415	244
20040416	252
20040417	258
20040418	264
20040419	274
20040420	288
20040421	331
20040422	409
20040423	493
20040424	534
20040425	624
20040426	730
20040427	564
20040428	529
20040429	581
20040430	579
20040501	694
20040502	768
20040503	838
20040504	663
20040505	577
20040506	521
20040507	498
20040508	476
20040509	483
20040510	513
20040511	636
20040512	644
20040513	599
20040514	593
20040515	635
20040516	607
20040517	577
20040518	562
20040519	556
20040520	548
20040521	548
20040522	584
20040523	582
20040524	549
20040525	994
20040526	1050
20040527	1490
20040528	1480
20040529	1310
20040530	1910
20040531	1490
20040601	1440
20040602	1530
20040603	2020
20040604	2100
20040605	2090
20040606	1760
20040607	1460
20040608	1300
20040609	1230
20040610	1140
20040611	1130
20040612	1340
20040613	1790
20040614	2160
20040615	2070
20040616	1730
20040617	1750
20040618	1720
20040619	1460
20040620	1290
20040621	1170
20040622	1110
20040623	1330
20040624	1480
20040625	1310
20040626	1220
20040627	1330
20040628	1340
20040629	1530
20040630	1790
20040701	2050
20040702	1610
20040703	1440
20040704	1530
20040705	1360
20040706	1260
20040707	1220
20040708	1150
20040709	1050
20040710	1020
20040711	974
20040712	957
20040713	924
20040714	837
20040715	819
20040716	947
20040717	1000
20040718	965
20040719	879
20040720	853
20040721	827
20040722	813
20040723	832
20040724	837
20040725	825
20040726	844
20040727	1080
20040728	1170
20040729	944
20040730	1030
20040731	1060
20040801	954
20040802	924
20040803	987
20040804	933
20040805	874
20040806	843
20040807	768
20040808	778
20040809	730
20040810	719
20040811	702
20040812	677
20040813	670
20040814	614
20040815	636
20040816	819
20040817	734
20040818	661
20040819	645
20040820	680
20040821	644
20040822	644
20040823	646
20040824	762
20040825	984
20040826	945
20040827	940
20040828	974
20040829	999
20040830	993
20040831	1170
20040901	1250
20040902	1100
20040903	1090
20040904	1380
20040905	2270
20040906	2310
20040907	2460
20040908	2050
20040909	1610
20040910	1360
20040911	1220
20040912	1170
20040913	1170
20040914	1090
20040915	983
20040916	929
20040917	899
20040918	898
20040919	888
20040920	1270
20040921	1280
20040922	1160
20040923	1100
20040924	1080
20040925	1280
20040926	1350
20040927	1300
20040928	1300
20040929	1320
20040930	1410
20041001	1750
20041002	1650
20041003	1470
20041004	1350
20041005	1280
20041006	1260
20041007	1190
20041008	1130
20041009	1060
20041010	1030
20041011	1020
20041012	978
20041013	993
20041014	987
20041015	952
20041016	940
20041017	945
20041018	939
20041019	880
20041020	865
20041021	832
20041022	802
20041023	803
20041024	757
20041025	762
20041026	720
20041027	727
20041028	704
20041029	709
20041030	702
20041031	655
20041101	663
20041102	630
20041103	619
20041104	631
20041105	597
20041106	592
20041107	577
20041108	568
20041109	551
20041110	552
20041111	550
20041112	535
20041113	537
20041114	533
20041115	529
20041116	540
20041117	509
20041118	471
20041119	475
20041120	466
20041121	470
20041122	469
20041123	474
20041124	454
20041125	445
20041126	458
20041127	444
20041128	428
20041129	374
20041130	416
20041201	412
20041202	409
20041203	395
20041204	428
20041205	405
20041206	401
20041207	362
20041208	363
20041209	365
20041210	346
20041211	352
20041212	340
20041213	332
20041214	340
20041215	330
20041216	329
20041217	326
20041218	321
20041219	314
20041220	316
20041221	317
20041222	307
20041223	312
20041224	303
20041225	302
20041226	283
20041227	298
20041228	287
20041229	305
20041230	294
20041231	298
20050101	287
20050102	290
20050103	281
20050104	285
20050105	277
20050106	289
20050107	236
20050108	319
20050109	267
20050110	261
20050111	276
20050112	266
20050113	250
20050114	243
20050115	268
20050116	254
20050117	252
20050118	254
20050119	248
20050120	251
20050121	251
20050122	231
20050123	263
20050124	243
20050125	223
20050126	250
20050127	250
20050128	233
20050129	246
20050130	238
20050131	231
20050201	246
20050202	229
20050203	233
20050204	233
20050205	227
20050206	229
20050207	217
20050208	218
20050209	211
20050210	218
20050211	225
20050212	215
20050213	214
20050214	200
20050215	197
20050216	202
20050217	207
20050218	206
20050219	207
20050220	209
20050221	207
20050222	206
20050223	206
20050224	208
20050225	203
20050226	210
20050227	197
20050228	173
20050301	185
20050302	209
20050303	197
20050304	200
20050305	173
20050306	192
20050307	178
20050308	204
20050309	189
20050310	198
20050311	211
20050312	237
20050313	221
20050314	231
20050315	234
20050316	271
20050317	239
20050318	242
20050319	262
20050320	285
20050321	291
20050322	258
20050323	264
20050324	235
20050325	231
20050326	228
20050327	219
20050328	234
20050329	242
20050330	239
20050331	255
20050401	255
20050402	246
20050403	221
20050404	222
20050405	240
20050406	231
20050407	275
20050408	294
20050409	332
20050410	328
20050411	329
20050412	308
20050413	296
20050414	283
20050415	276
20050416	317
20050417	344
20050418	351
20050419	342
20050420	332
20050421	340
20050422	350
20050423	357
20050424	346
20050425	349
20050426	368
20050427	433
20050428	423
20050429	476
20050430	583
20050501	639
20050502	622
20050503	691
20050504	701
20050505	697
20050506	676
20050507	660
20050508	718
20050509	657
20050510	721
20050511	726
20050512	731
20050513	937
20050514	946
20050515	1040
20050516	1070
20050517	996
20050518	925
20050519	921
20050520	1020
20050521	1110
20050522	1120
20050523	1130
20050524	1210
20050525	1280
20050526	1390
20050527	1420
20050528	1530
20050529	1810
20050530	1940
20050531	1980
20050601	1870
20050602	1420
20050603	1230
20050604	1380
20050605	1850
20050606	1610
20050607	1390
20050608	1500
20050609	2300
20050610	2110
20050611	2010
20050612	2330
20050613	2360
20050614	2180
20050615	2010
20050616	1780
20050617	2140
20050618	2070
20050619	1760
20050620	1530
20050621	1340
20050622	1370
20050623	1440
20050624	1570
20050625	2460
20050626	1840
20050627	1690
20050628	1670
20050629	1640
20050630	1680
20050701	1650
20050702	1670
20050703	1960
20050704	1940
20050705	1800
20050706	1700
20050707	2230
20050708	2320
20050709	1980
20050710	1800
20050711	1580
20050712	1440
20050713	1280
20050714	1220
20050715	1230
20050716	1220
20050717	1280
20050718	1220
20050719	1210
20050720	1200
20050721	1170
20050722	1110
20050723	1040
20050724	1000
20050725	954
20050726	978
20050727	930
20050728	1040
20050729	1140
20050730	1270
20050731	1150
20050801	1200
20050802	1720
20050803	1820
20050804	1390
20050805	1200
20050806	1110
20050807	1180
20050808	1280
20050809	1270
20050810	1300
20050811	1230
20050812	1300
20050813	1520
20050814	1300
20050815	1140
20050816	1070
20050817	1110
20050818	1110
20050819	1330
20050820	1640
20050821	1930
20050822	1720
20050823	1500
20050824	1340
20050825	1290
20050826	1270
20050827	1290
20050828	1550
20050829	1400
20050830	1290
20050831	1160
20050901	1420
20050902	1820
20050903	1640
20050904	1420
20050905	1430
20050906	1440
20050907	1340
20050908	1220
20050909	1070
20050910	1050
20050911	981
20050912	916
20050913	864
20050914	831
20050915	779
20050916	838
20050917	794
20050918	749
20050919	727
20050920	731
20050921	728
20050922	709
20050923	850
20050924	833
20050925	801
20050926	818
20050927	816
20050928	777
20050929	746
20050930	717
20051001	693
20051002	751
20051003	1070
20051004	1040
20051005	945
20051006	891
20051007	889
20051008	863
20051009	813
20051010	776
20051011	752
20051012	713
20051013	707
20051014	682
20051015	680
20051016	665
20051017	635
20051018	619
20051019	602
20051020	595
20051021	568
20051022	587
20051023	577
20051024	560
20051025	542
20051026	544
20051027	546
20051028	539
20051029	527
20051030	523
20051031	507
20051101	528
20051102	508
20051103	506
20051104	480
20051105	458
20051106	478
20051107	461
20051108	459
20051109	436
20051110	456
20051111	437
20051112	421
20051113	424
20051114	416
20051115	413
20051116	405
20051117	407
20051118	399
20051119	392
20051120	375
20051121	397
20051122	372
20051123	374
20051124	368
20051125	330
20051126	373
20051127	339
20051128	344
20051129	337
20051130	346
20051201	338
20051202	333
20051203	325
20051204	351
20051205	334
20051206	320
20051207	310
20051208	319
20051209	309
20051210	300
20051211	294
20051212	295
20051213	289
20051214	279
20051215	280
20051216	279
20051217	275
20051218	273
20051219	270
20051220	267
20051221	271
20051222	261
20051223	257
20051224	260
20051225	264
20051226	255
20051227	256
20051228	244
20051229	265
20051230	245
20051231	255
20060101	250
20060102	249
20060103	261
20060104	260
20060105	260
20060106	256
20060107	238
20060108	216
20060109	226
20060110	219
20060111	219
20060112	228
20060113	208
20060114	226
20060115	203
20060116	217
20060117	217
20060118	210
20060119	214
20060120	216
20060121	200
20060122	211
20060123	210
20060124	201
20060125	197
20060126	193
20060127	193
20060128	192
20060129	184
20060130	194
20060131	194
20060201	180
20060202	191
20060203	189
20060204	191
20060205	192
20060206	192
20060207	181
20060208	183
20060209	178
20060210	190
20060211	193
20060212	182
20060213	187
20060214	182
20060215	188
20060216	184
20060217	173
20060218	179
20060219	187
20060220	186
20060221	178
20060222	183
20060223	188
20060224	186
20060225	188
20060226	185
20060227	178
20060228	183
20060301	177
20060302	178
20060303	181
20060304	184
20060305	186
20060306	189
20060307	182
20060308	180
20060309	182
20060310	178
20060311	176
20060312	201
20060313	186
20060314	177
20060315	179
20060316	189
20060317	198
20060318	192
20060319	180
20060320	195
20060321	199
20060322	203
20060323	202
20060324	180
20060325	193
20060326	203
20060327	205
20060328	228
20060329	253
20060330	217
20060331	194
20060401	237
20060402	265
20060403	255
20060404	271
20060405	271
20060406	255
20060407	231
20060408	225
20060409	230
20060410	231
20060411	248
20060412	281
20060413	260
20060414	271
20060415	247
20060416	233
20060417	245
20060418	272
20060419	328
20060420	327
20060421	412
20060422	397
20060423	390
20060424	393
20060425	437
20060426	447
20060427	429
20060428	399
20060429	422
20060430	428
20060501	462
20060502	475
20060503	577
20060504	626
20060505	721
20060506	676
20060507	654
20060508	716
20060509	761
20060510	934
20060511	971
20060512	1290
20060513	1010
20060514	827
20060515	754
20060516	716
20060517	665
20060518	644
20060519	611
20060520	636
20060521	784
20060522	715
20060523	687
20060524	738
20060525	736
20060526	715
20060527	900
20060528	853
20060529	814
20060530	757
20060531	762
20060601	834
20060602	889
20060603	1130
20060604	1430
20060605	1980
20060606	2880
20060607	2250
20060608	1810
20060609	1810
20060610	1490
20060611	1330
20060612	1250
20060613	1210
20060614	1260
20060615	1190
20060616	1070
20060617	963
20060618	901
20060619	936
20060620	1040
20060621	1110
20060622	1590
20060623	1460
20060624	1360
20060625	1210
20060626	1100
20060627	1000
20060628	983
20060629	934
20060630	1140
20060701	1020
20060702	1130
20060703	1740
20060704	1830
20060705	1410
20060706	1340
20060707	1730
20060708	2040
20060709	1730
20060710	1530
20060711	1690
20060712	1440
20060713	1270
20060714	1170
20060715	1070
20060716	1020
20060717	984
20060718	892
20060719	881
20060720	873
20060721	850
20060722	887
20060723	1370
20060724	1370
20060725	1060
20060726	941
20060727	855
20060728	807
20060729	788
20060730	761
20060731	766
20060801	784
20060802	739
20060803	704
20060804	671
20060805	647
20060806	615
20060807	598
20060808	584
20060809	580
20060810	553
20060811	554
20060812	535
20060813	521
20060814	516
20060815	541
20060816	654
20060817	552
20060818	528
20060819	511
20060820	503
20060821	616
20060822	670
20060823	774
20060824	870
20060825	804
20060826	737
20060827	679
20060828	646
20060829	592
20060830	569
20060831	538
20060901	531
20060902	516
20060903	550
20060904	581
20060905	678
20060906	743
20060907	727
20060908	1070
20060909	923
20060910	872
20060911	832
20060912	777
20060913	769
20060914	834
20060915	789
20060916	738
20060917	704
20060918	709
20060919	640
20060920	629
20060921	572
20060922	542
20060923	572
20060924	538
20060925	535
20060926	537
20060927	697
20060928	892
20060929	988
20060930	919
20061001	875
20061002	842
20061003	778
20061004	766
20061005	852
20061006	909
20061007	932
20061008	969
20061009	897
20061010	817
20061011	777
20061012	761
20061013	730
20061014	704
20061015	669
20061016	645
20061017	612
20061018	634
20061019	643
20061020	592
20061021	582
20061022	565
20061023	566
20061024	551
20061025	549
20061026	527
20061027	480
20061028	489
20061029	484
20061030	490
20061031	470
20061101	458
20061102	442
20061103	434
20061104	466
20061105	426
20061106	423
20061107	423
20061108	420
20061109	389
20061110	390
20061111	383
20061112	399
20061113	374
20061114	371
20061115	347
20061116	361
20061117	350
20061118	352
20061119	358
20061120	345
20061121	352
20061122	342
20061123	339
20061124	337
20061125	344
20061126	331
20061127	328
20061128	334
20061129	291
20061130	286
20061201	299
20061202	298
20061203	290
20061204	290
20061205	280
20061206	300
20061207	288
20061208	290
20061209	272
20061210	256
20061211	270
20061212	274
20061213	228
20061214	285
20061215	248
20061216	247
20061217	243
20061218	241
20061219	244
20061220	246
20061221	229
20061222	237
20061223	239
20061224	232
20061225	227
20061226	230
20061227	231
20061228	234
20061229	230
20061230	213
20061231	227

