87  36 14  0  267.600   28.523    2.400  348.000  273.000  176.000    0.000  0  0.0000 0.00  0 0.00  0 0.00  0
87  36 15  0  267.400   27.967    2.100  239.000  189.000  173.000    0.000  0  0.0000 0.00  0 0.00  0 0.00  0
87  36 16  0  267.000   29.860    1.200  103.000   76.000  178.000    0.000  0  0.0000 0.00  0 0.00  0 0.00  0
87  36 17  0  264.600   47.724    0.800   -3.000   -1.000  174.000    0.000  0  0.0000 0.00  0 0.00  0 0.00  0
87  36 18  0  261.300   55.970    0.400   -6.000   -5.000  176.000    0.000  0  0.0000 0.00  0 0.00  0 0.00  0
87  36 19  0  259.900   67.673    1.600   -5.000   -3.000  190.000    0.000  0  0.0000 0.00  0 0.00  0 0.00  0
87  36 20  0  259.600   66.462    1.000   -4.000   -3.000  196.000    0.000  0  0.0000 0.00  0 0.00  0 0.00  0
87  36 21  0  257.900   65.478    1.400   -4.000   -3.000  179.000    0.000  0  0.0000 0.00  0 0.00  0 0.00  0
87  36 22  0  257.000   74.320    0.300   -4.000   -3.000  190.000    0.000  0  0.0000 0.00  0 0.00  0 0.00  0
87  36 23  0  256.100   76.757    0.900   -4.000   -2.000  181.000    0.000  0  0.0000 0.00  0 0.00  0 0.00  0
87  37  0  0  256.400   77.477    0.300   -2.000   -1.000  224.000    0.000  0  0.0000 0.00  0 0.00  0 0.00  0
87  37  1  0  256.200   78.113    1.300   -3.000    0.000  199.000    0.000  0  0.0000 0.00  0 0.00  0 0.00  0
87  37  2  0  255.600   80.758    0.300   -3.000   -2.000  195.000    0.000  0  0.0000 0.00  0 0.00  0 0.00  0
87  37  3  0  255.300   82.835    0.300   -2.000   -1.000  188.000    0.000  0  0.0000 0.00  0 0.00  0 0.00  0
87  37  4  0  254.400   81.990    0.500   -3.000   -1.000  183.000    0.000  0  0.0000 0.00  0 0.00  0 0.00  0
87  37  5  0  253.300   88.552    0.800   -3.000   -1.000  185.000    0.000  0  0.0000 0.00  0 0.00  0 0.00  0
87  37  6  0  253.900   77.708    0.900   -2.000   -1.000  198.000    0.000  0  0.0000 0.00  0 0.00  0 0.00  0
87  37  7  0  254.700   84.200    0.300   26.000   20.000  229.000    0.000  0  0.0000 0.00  0 0.00  0 0.00  0
87  37  8  0  257.400   73.131    0.600  160.000  117.000  229.000    0.000  0  0.0000 0.00  0 0.00  0 0.00  0
87  37  9  0  259.600   76.096    0.800  306.000  225.000  221.000    0.000  0  0.0000 0.00  0 0.00  0 0.00  0
87  37 10  0  263.800   74.399    0.800  454.000  347.000  200.000    0.000  0  0.0000 0.00  0 0.00  0 0.00  0
87  37 11  0  267.500   71.625    0.500  495.000  396.000  210.000    0.000  0  0.0000 0.00  0 0.00  0 0.00  0
87  37 12  0  271.200   58.251    1.300  527.000  371.000  237.000    0.000  0  0.0000 0.00  0 0.00  0 0.00  0
87  37 13  0  273.200   53.980    0.800  515.000  418.000  231.000    0.000  0  0.0000 0.00  0 0.00  0 0.00  0
87  37 14  0  272.700   55.546    1.900  188.000  152.000  246.000    0.000  0  0.0000 0.00  0 0.00  0 0.00  0
87  37 15  0  273.000   54.770    1.600  128.000  104.000  237.000    0.000  0  0.0000 0.00  0 0.00  0 0.00  0
87  37 16  0  272.700   60.492    0.300   94.000   70.000  234.000    0.000  0  0.0000 0.00  0 0.00  0 0.00  0
87  37 17  0  270.300   71.636    0.300    1.000    1.000  212.000    0.000  0  0.0000 0.00  0 0.00  0 0.00  0
87  37 18  0  267.600   84.446    0.300   -7.000   -5.000  200.000    0.000  0  0.0000 0.00  0 0.00  0 0.00  0
87  37 19  0  266.300   91.133    0.400   -3.000   -3.000  227.000    0.000  0  0.0000 0.00  0 0.00  0 0.00  0
87  37 20  0  266.700   83.026    0.500   -2.000   -2.000  248.000    0.000  0  0.0000 0.00  0 0.00  0 0.00  0
87  37 21  0  267.100   87.051    0.300    0.000    0.000  267.000    0.000  0  0.0000 0.00  0 0.00  0 0.00  0
87  37 22  0  267.000   87.040    0.800    1.000    0.000  276.000    0.000  0  0.0000 0.00  0 0.00  0 0.00  0
87  37 23  0  267.600   85.765    0.900    0.000   -1.000  277.000    0.000  0  0.0000 0.00  0 0.00  0 0.00  0
87  38  0  0  268.200   84.518    0.900   -1.000   -1.000  279.000    0.000  0  0.0000 0.00  0 0.00  0 0.00  0
87  38  1  0  267.900   83.184    0.900   -2.000   -1.000  265.000    0.000  0  0.0000 0.00  0 0.00  0 0.00  0
87  38  2  0  267.700   87.112    0.900   -1.000   -1.000  268.000    0.000  0  0.0000 0.00  0 0.00  0 0.00  0
87  38  3  0  267.700   85.776    0.300   -1.000    0.000  275.000    0.000  0  0.0000 0.00  0 0.00  0 0.00  0
87  38  4  0  267.700   85.776    1.000   -1.000    0.000  271.000    0.000  0  0.0000 0.00  0 0.00  0 0.00  0
87  38  5  0  268.000   83.843    0.400   -1.000   -1.000  272.000    0.000  0  0.0000 0.00  0 0.00  0 0.00  0
87  38  6  0  266.600   89.055    0.300   -6.000   -3.000  200.000    0.000  0  0.0000 0.00  0 0.00  0 0.00  0
87  38  7  0  264.700  100.000    1.400   15.000   12.000  242.000    0.000  0  0.0000 0.00  0 0.00  0 0.00  0
87  38  8  0  266.800   89.767    0.300  131.000   93.000  220.000    0.000  0  0.0000 0.00  0 0.00  0 0.00  0
87  38  9  0  269.700   76.669    1.000  337.000  230.000  220.000    0.000  0  0.0000 0.00  0 0.00  0 0.00  0
87  38 10  0  273.300   67.998    0.900  371.000  389.000  261.000    0.000  0  0.0000 0.00  0 0.00  0 0.00  0
87  38 11  0  275.300   60.691    0.900  135.000  108.000  287.000    0.000  0  0.0000 0.00  0 0.00  0 0.00  0
87  38 12  0  277.400   57.677    0.300  193.000  153.000  295.000    0.000  0  0.0000 0.00  0 0.00  0 0.00  0
87  38 13  0  278.300   51.007    5.000  381.000  293.000  267.000    0.000  0  0.0000 0.00  0 0.00  0 0.00  0
87  38 14  0  278.900   51.949    0.900  311.000  238.000  268.000    0.000  0  0.0000 0.00  0 0.00  0 0.00  0
87  38 15  0  277.900   53.646    1.700  142.000  110.000  277.000    0.000  0  0.0000 0.00  0 0.00  0 0.00  0
87  38 16  0  277.500   53.940    1.800   63.000   49.000  236.000    0.000  0  0.0000 0.00  0 0.00  0 0.00  0
87  38 17  0  275.800   61.277    1.400    0.000    1.000  232.000    0.000  0  0.0000 0.00  0 0.00  0 0.00  0
87  38 18  0  272.500   79.499    0.400   -7.000   -5.000  225.000    0.000  0  0.0000 0.00  0 0.00  0 0.00  0
87  38 19  0  271.200   86.810    0.900   -3.000   -3.000  264.000    0.000  0  0.0000 0.00  0 0.00  0 0.00  0
87  38 20  0  271.600   86.204    0.900   -2.000   -1.000  247.000    0.000  0  0.0000 0.00  0 0.00  0 0.00  0
87  38 21  0  269.700   90.687    0.900   -4.000   -3.000  236.000    0.000  0  0.0000 0.00  0 0.00  0 0.00  0
87  38 22  0  270.000   93.483    0.300   -3.000   -1.000  217.000    0.000  0  0.0000 0.00  0 0.00  0 0.00  0
87  38 23  0  268.300   96.279    0.900   -6.000   -3.000  208.000    0.000  0  0.0000 0.00  0 0.00  0 0.00  0
87  39  0  0  267.200   94.778    1.000   -4.000   -2.000  208.000    0.000  0  0.0000 0.00  0 0.00  0 0.00  0
87  39  1  0  266.100   96.958    0.700   -4.000   -2.000  214.000    0.000  0  0.0000 0.00  0 0.00  0 0.00  0
87  39  2  0  265.100  100.000    0.300   -4.000   -2.000  220.000    0.000  0  0.0000 0.00  0 0.00  0 0.00  0
87  39  3  0  263.400   98.433    0.300   -4.000   -2.000  222.000    0.000  0  0.0000 0.00  0 0.00  0 0.00  0
87  39  4  0  262.600  100.000    0.700   -3.000   -1.000  224.000    0.000  0  0.0000 0.00  0 0.00  0 0.00  0
87  39  5  0  261.900   98.412    0.400   -2.000   -1.000  233.000    0.000  0  0.0000 0.00  0 0.00  0 0.00  0
87  39  6  0  262.100   98.415    0.900    0.000    0.000  242.000    0.000  0  0.0000 0.00  0 0.00  0 0.00  0
87  39  7  0  262.300  100.000    0.700   11.000   10.000  254.000    0.000  0  0.0000 0.00  0 0.00  0 0.00  0
87  39  8  0  263.600  100.000    0.300   79.000   69.000  262.000    0.000  0  0.0000 0.00  0 0.00  0 0.00  0
87  39  9  0  265.800  100.000    0.300  188.000  156.000  279.000    0.000  0  0.0000 0.00  0 0.00  0 0.00  0
87  39 10  0  268.200   89.882    0.600  255.000  210.000  252.000    0.000  0  0.0000 0.00  0 0.00  0 0.00  0
87  39 11  0  271.700   77.011    0.700  252.000  220.000  270.000    0.000  0  0.0000 0.00  0 0.00  0 0.00  0
87  39 12  0  273.700   64.569    2.000  204.000  185.000  287.000    0.000  0  0.0000 0.00  0 0.00  0 0.00  0
87  39 13  0  275.900   50.318    3.000  190.000  157.000  286.000    0.000  0  0.0000 0.00  0 0.00  0 0.00  0
87  39 14  0  276.000   51.914    4.100  206.000  162.000  275.000    0.000  0  0.0000 0.00  0 0.00  0 0.00  0
87  39 15  0  276.400   48.566    2.500   92.000   74.000  282.000    0.000  0  0.0000 0.00  0 0.00  0 0.00  0
87  39 16  0  276.100   51.547    2.900   22.000   19.000  298.000    0.000  0  0.0000 0.00  0 0.00  0 0.00  0
87  39 17  0  274.500   69.292    4.000    1.000    1.000  297.000    0.000  0  0.0000 0.00  0 0.00  0 0.00  0
87  39 18  0  274.300   69.771    2.300   -1.000   -1.000  296.000    0.000  0  0.0000 0.00  0 0.00  0 0.00  0
87  39 19  0  273.600   76.755    1.000   -2.000   -2.000  292.000    0.0003  2  0.0005 0.00  0 0.00  0 0.00  0
87  39 20  0  273.900   80.303    0.900   -1.000   -1.000  295.000    0.0003  2  0.0005 0.00  0 0.00  0 0.00  0
87  39 21  0  272.900   92.949    0.900   -2.000   -2.000  298.000    0.0003  2  0.0005 0.00  0 0.00  0 0.00  0
87  39 22  0  273.000   91.600    0.300   -1.000   -1.000  299.000    0.0003  2  0.0005 0.00  0 0.00  0 0.00  0
87  39 23  0  272.900   95.715    0.300    0.000   -1.000  299.000    0.0003  2  0.0005 0.00  0 0.00  0 0.00  0
87  40  0  0  273.100   93.644    0.900   -1.000    0.000  299.000    0.0003  2  0.0005 0.00  0 0.00  0 0.00  0
87  40  1  0  272.800   94.318    0.800   -1.000   -2.000  298.000    0.0003  2  0.0005 0.00  0 0.00  0 0.00  0
87  40  2  0  272.900   92.269    0.900   -1.000   -1.000  300.000    0.0003  2  0.0005 0.00  0 0.00  0 0.00  0
87  40  3  0  272.900   95.715    1.500    0.000   -1.000  300.000    0.0003  2  0.0005 0.00  0 0.00  0 0.00  0
87  40  4  0  273.000   93.639    0.600   -1.000    0.000  302.000    0.0003  2  0.0005 0.00  0 0.00  0 0.00  0
87  40  5  0  272.900   92.949    1.500   -1.000   -1.000  301.000    0.0003  2  0.0005 0.00  0 0.00  0 0.00  0
87  40  6  0  273.000   90.929    1.300   -1.000   -1.000  300.000    0.0003  2  0.0005 0.00  0 0.00  0 0.00  0
87  40  7  0  271.600   75.835    2.300    0.000    1.000  293.000    0.0003  2  0.0005 0.00  0 0.00  0 0.00  0
87  40  8  0  269.500   76.634    2.600    9.000   20.000  286.000    0.000  0  0.0000 0.00  0 0.00  0 0.00  0
87  40  9  0  268.400   75.260    2.500   60.000   68.000  275.000    0.000  0  0.0000 0.00  0 0.00  0 0.00  0
87  40 10  0  267.300   68.799    2.500  130.000  112.000  265.000    0.000  0  0.0000 0.00  0 0.00  0 0.00  0
87  40 11  0  267.100   71.542    2.700  143.000  125.000  263.000    0.000  0  0.0000 0.00  0 0.00  0 0.00  0
87  40 12  0  266.900   72.646    2.600  132.000  116.000  260.000    0.000  0  0.0000 0.00  0 0.00  0 0.00  0
87  40 13  0  267.400   68.821    3.400  210.000  180.000  250.000    0.000  0  0.0000 0.00  0 0.00  0 0.00  0
87  40 14  0  267.200   67.689    3.500  152.000  187.000  242.000    0.000  0  0.0000 0.00  0 0.00  0 0.00  0
87  40 15  0  266.800   66.524    1.900  114.000   99.000  238.000    0.000  0  0.0000 0.00  0 0.00  0 0.00  0
87  40 16  0  265.300   70.030    5.000   46.000   40.000  228.000    0.000  0  0.0000 0.00  0 0.00  0 0.00  0
87  40 17  0  263.500   76.178    1.700    9.000    8.000  218.000    0.000  0  0.0000 0.00  0 0.00  0 0.00  0
87  40 18  0  263.000   70.681    3.900   -2.000   -1.000  217.000    0.000  0  0.0000 0.00  0 0.00  0 0.00  0
87  40 19  0  262.100   63.779    6.900   -2.000   -1.000  215.000    0.000  0  0.0000 0.00  0 0.00  0 0.00  0
87  40 20  0  260.700   52.528    3.500   -3.000   -2.000  209.000    0.000  0  0.0000 0.00  0 0.00  0 0.00  0
87  40 21  0  259.900   50.491    1.700   -3.000   -1.000  205.000    0.000  0  0.0000 0.00  0 0.00  0 0.00  0
87  40 22  0  259.400   45.676    3.400   -4.000   -2.000  170.000    0.000  0  0.0000 0.00  0 0.00  0 0.00  0
87  40 23  0  258.400   50.920    1.400   -4.000   -2.000  159.000    0.000  0  0.0000 0.00  0 0.00  0 0.00  0
87  41  0  0  257.900   53.068    1.400   -4.000   -2.000  158.000    0.000  0  0.0000 0.00  0 0.00  0 0.00  0
87  41  1  0  256.800   58.155    2.300   -5.000   -2.000  153.000    0.000  0  0.0000 0.00  0 0.00  0 0.00  0
87  41  2  0  255.900   61.618    1.300   -4.000   -2.000  153.000    0.000  0  0.0000 0.00  0 0.00  0 0.00  0
87  41  3  0  255.500   64.303    2.800   -4.000   -2.000  156.000    0.000  0  0.0000 0.00  0 0.00  0 0.00  0
87  41  4  0  253.700   69.824    1.200   -5.000   -3.000  154.000    0.000  0  0.0000 0.00  0 0.00  0 0.00  0
87  41  5  0  251.700   79.423    1.100   -5.000   -3.000  155.000    0.000  0  0.0000 0.00  0 0.00  0 0.00  0
87  41  6  0  251.000   80.024    1.000   -4.000   -1.000  158.000    0.000  0  0.0000 0.00  0 0.00  0 0.00  0
87  41  7  0  251.000   77.885    0.800   39.000   32.000  164.000    0.000  0  0.0000 0.00  0 0.00  0 0.00  0
87  41  8  0  254.400   62.320    0.900  233.000  184.000  174.000    0.000  0  0.0000 0.00  0 0.00  0 0.00  0
87  41  9  0  258.300   51.798    2.000  376.000  300.000  172.000    0.000  0  0.0000 0.00  0 0.00  0 0.00  0
87  41 10  0  261.100   44.629    2.900  481.000  398.000  182.000    0.000  0  0.0000 0.00  0 0.00  0 0.00  0
87  41 11  0  263.600   42.040    2.200  563.000  463.000  190.000    0.000  0  0.0000 0.00  0 0.00  0 0.00  0
87  41 12  0  266.100   37.384    0.900  558.000  454.000  194.000    0.000  0  0.0000 0.00  0 0.00  0 0.00  0
87  41 13  0  268.700   44.022    0.800  508.000  409.000  199.000    0.000  0  0.0000 0.00  0 0.00  0 0.00  0
87  41 14  0  271.300   50.153    1.500  403.000  327.000  205.000    0.000  0  0.0000 0.00  0 0.00  0 0.00  0
87  41 15  0  271.900   54.463    1.800  261.000  216.000  205.000    0.000  0  0.0000 0.00  0 0.00  0 0.00  0
87  41 16  0  271.600   58.358    3.200  100.000   82.000  204.000    0.000  0  0.0000 0.00  0 0.00  0 0.00  0
87  41 17  0  269.500   67.675    1.200   -1.000    1.000  198.000    0.000  0  0.0000 0.00  0 0.00  0 0.00  0
87  41 18  0  267.800   76.337    0.800   -5.000   -4.000  213.000    0.000  0  0.0000 0.00  0 0.00  0 0.00  0
87  41 19  0  267.900   76.954    1.100   -1.000   -1.000  254.000    0.000  0  0.0000 0.00  0 0.00  0 0.00  0
87  41 20  0  268.600   71.849    1.300   -3.000   -1.000  233.000    0.000  0  0.0000 0.00  0 0.00  0 0.00  0
87  41 21  0  268.800   74.749    1.000   -2.000   -1.000  267.000    0.000  0  0.0000 0.00  0 0.00  0 0.00  0
87  41 22  0  268.900   73.612    1.700   -3.000   -1.000  233.000    0.000  0  0.0000 0.00  0 0.00  0 0.00  0
87  41 23  0  267.500   70.500    1.500   -6.000   -4.000  190.000    0.000  0  0.0000 0.00  0 0.00  0 0.00  0
87  42  0  0  264.300   86.069    1.100   -6.000   -3.000  189.000    0.000  0  0.0000 0.00  0 0.00  0 0.00  0
87  42  1  0  263.400   95.363    1.600   -4.000   -2.000  202.000    0.000  0  0.0000 0.00  0 0.00  0 0.00  0
87  42  2  0  263.700   90.221    1.100   -4.000   -1.000  192.000    0.000  0  0.0000 0.00  0 0.00  0 0.00  0
87  42  3  0  263.300   91.640    1.200   -5.000   -2.000  186.000    0.000  0  0.0000 0.00  0 0.00  0 0.00  0
87  42  4  0  266.000   73.047    1.300   -4.000   -1.000  187.000    0.000  0  0.0000 0.00  0 0.00  0 0.00  0
87  42  5  0  268.000   63.184    3.500   -5.000   -2.000  183.000    0.000  0  0.0000 0.00  0 0.00  0 0.00  0
87  42  6  0  267.800   54.609    3.500   -5.000   -2.000  176.000    0.000  0  0.0000 0.00  0 0.00  0 0.00  0
87  42  7  0  267.000   55.276    2.300   26.000   26.000  175.000    0.000  0  0.0000 0.00  0 0.00  0 0.00  0
87  42  8  0  268.200   36.798    2.600  203.000  180.000  179.000    0.000  0  0.0000 0.00  0 0.00  0 0.00  0
87  42  9  0  268.600   34.222    3.700  373.000  314.000  180.000    0.000  0  0.0000 0.00  0 0.00  0 0.00  0
87  42 10  0  269.200   31.617    3.800  510.000  413.000  178.000    0.000  0  0.0000 0.00  0 0.00  0 0.00  0
87  42 11  0  269.700   30.977    3.800  580.000  467.000  182.000    0.000  0  0.0000 0.00  0 0.00  0 0.00  0
87  42 12  0  270.000   27.574    4.600  595.000  476.000  179.000    0.000  0  0.0000 0.00  0 0.00  0 0.00  0
87  42 13  0  270.200   23.452    3.700  548.000  435.000  179.000    0.000  0  0.0000 0.00  0 0.00  0 0.00  0
87  42 14  0  270.200   21.110    4.700  441.000  344.000  177.000    0.000  0  0.0000 0.00  0 0.00  0 0.00  0
87  42 15  0  269.900   22.361    4.100  281.000  222.000  174.000    0.000  0  0.0000 0.00  0 0.00  0 0.00  0
87  42 16  0  269.200   23.154    3.800  108.000   82.000  172.000    0.000  0  0.0000 0.00  0 0.00  0 0.00  0
87  42 17  0  267.600   23.710    1.800   -1.000    2.000  167.000    0.000  0  0.0000 0.00  0 0.00  0 0.00  0
87  42 18  0  266.200   26.866    2.500   -5.000   -2.000  167.000    0.000  0  0.0000 0.00  0 0.00  0 0.00  0
87  42 19  0  263.800   36.637    1.600   -6.000   -3.000  165.000    0.000  0  0.0000 0.00  0 0.00  0 0.00  0
87  42 20  0  263.500   34.659    1.800   -5.000   -2.000  167.000    0.000  0  0.0000 0.00  0 0.00  0 0.00  0
87  42 21  0  263.200   33.954    3.100   -5.000   -2.000  165.000    0.000  0  0.0000 0.00  0 0.00  0 0.00  0
87  42 22  0  262.000   39.736    1.900   -5.000   -2.000  167.000    0.000  0  0.0000 0.00  0 0.00  0 0.00  0
87  42 23  0  261.800   38.975    1.300   -5.000   -3.000  168.000    0.000  0  0.0000 0.00  0 0.00  0 0.00  0
87  43  0  0  260.800   40.406    1.300   -5.000   -3.000  168.000    0.000  0  0.0000 0.00  0 0.00  0 0.00  0
87  43  1  0  260.100   43.916    1.300   -4.000   -2.000  172.000    0.000  0  0.0000 0.00  0 0.00  0 0.00  0
87  43  2  0  259.800   43.431    1.900   -4.000   -2.000  178.000    0.000  0  0.0000 0.00  0 0.00  0 0.00  0
87  43  3  0  258.200   49.963    1.300   -4.000   -2.000  180.000    0.000  0  0.0000 0.00  0 0.00  0 0.00  0
87  43  4  0  257.100   56.216    0.700   -4.000   -3.000  176.000    0.000  0  0.0000 0.00  0 0.00  0 0.00  0
87  43  5  0  255.700   62.113    0.500   -5.000   -3.000  173.000    0.000  0  0.0000 0.00  0 0.00  0 0.00  0
87  43  6  0  254.300   67.516    0.600   -3.000   -2.000  172.000    0.000  0  0.0000 0.00  0 0.00  0 0.00  0
87  43  7  0  253.700   69.204    0.600   25.000   21.000  178.000    0.000  0  0.0000 0.00  0 0.00  0 0.00  0
87  43  8  0  255.700   62.667    1.000  141.000  117.000  191.000    0.000  0  0.0000 0.00  0 0.00  0 0.00  0
87  43  9  0  259.700   43.014    2.000  303.000  246.000  198.000    0.000  0  0.0000 0.00  0 0.00  0 0.00  0
87  43 10  0  261.800   37.286    1.400  323.000  256.000  199.000    0.000  0  0.0000 0.00  0 0.00  0 0.00  0
87  43 11  0  263.400   31.404    1.000  349.000  275.000  230.000    0.000  0  0.0000 0.00  0 0.00  0 0.00  0
87  43 12  0  265.000   31.090    0.500  400.000  314.000  240.000    0.000  0  0.0000 0.00  0 0.00  0 0.00  0
87  43 13  0  266.700   26.316    1.000  327.000  255.000  236.000    0.000  0  0.0000 0.00  0 0.00  0 0.00  0
87  43 14  0  266.900   28.303    1.500  218.000  174.000  237.000    0.000  0  0.0000 0.00  0 0.00  0 0.00  0
87  43 15  0  267.300   28.678    1.300  183.000  145.000  237.000    0.000  0  0.0000 0.00  0 0.00  0 0.00  0
87  43 16  0  266.600   32.157    1.500   49.000   41.000  225.000    0.000  0  0.0000 0.00  0 0.00  0 0.00  0
87  43 17  0  264.900   39.642    0.700   -2.000    0.000  204.000    0.000  0  0.0000 0.00  0 0.00  0 0.00  0
87  43 18  0  262.500   54.901    0.500   -6.000   -4.000  198.000    0.000  0  0.0000 0.00  0 0.00  0 0.00  0
87  43 19  0  261.300   59.919    0.300   -4.000   -2.000  212.000    0.000  0  0.0000 0.00  0 0.00  0 0.00  0
87  43 20  0  261.000   66.797    0.300   -2.000   -2.000  219.000    0.000  0  0.0000 0.00  0 0.00  0 0.00  0
87  43 21  0  260.800   69.617    0.400   -1.000   -1.000  236.000    0.000  0  0.0000 0.00  0 0.00  0 0.00  0
87  43 22  0  261.400   69.750    0.500    0.000    1.000  250.000    0.000  0  0.0000 0.00  0 0.00  0 0.00  0
87  43 23  0  261.600   73.363    0.300   -2.000    0.000  233.000    0.000  0  0.0000 0.00  0 0.00  0 0.00  0
87  44  0  0  260.700   72.573    0.500   -3.000   -2.000  222.000    0.000  0  0.0000 0.00  0 0.00  0 0.00  0
87  44  1  0  260.800   74.434    0.400   -1.000    0.000  235.000    0.000  0  0.0000 0.00  0 0.00  0 0.00  0
87  44  2  0  260.400   76.881    0.700   -2.000    0.000  244.000    0.0001  2  0.0005 0.00  0 0.00  0 0.00  0
87  44  3  0  260.500   80.160    0.800   -1.000    0.000  250.000    0.0001  2  0.0005 0.00  0 0.00  0 0.00  0
87  44  4  0  259.900   80.735    0.900   -4.000   -2.000  240.000    0.0001  2  0.0005 0.00  0 0.00  0 0.00  0
87  44  5  0  258.100   82.523    0.600   -5.000   -3.000  230.000    0.000  0  0.0005 0.00  0 0.00  0 0.00  0
87  44  6  0  261.900   70.443    3.600   -3.000    2.000  201.000    0.000  0  0.0000 0.00  0 0.00  0 0.00  0
87  44  7  0  262.400   47.855    4.000   47.000   43.000  171.000    0.000  0  0.0000 0.00  0 0.00  0 0.00  0
87  44  8  0  261.900   47.698    6.400  207.000  182.000  166.000    0.000  0  0.0000 0.00  0 0.00  0 0.00  0
87  44  9  0  261.700   43.282    4.700  382.000  317.000  163.000    0.000  0  0.0000 0.00  0 0.00  0 0.00  0
87  44 10  0  261.600   40.311    5.600  424.000  340.000  180.000    0.000  0  0.0000 0.00  0 0.00  0 0.00  0
87  44 11  0  261.400   41.326    5.400  555.000  431.000  169.000    0.000  0  0.0000 0.00  0 0.00  0 0.00  0
87  44 12  0  261.800   40.734    4.000  619.000  474.000  168.000    0.000  0  0.0000 0.00  0 0.00  0 0.00  0
87  44 13  0  261.700   38.259    3.900  560.000  430.000  158.000    0.000  0  0.0000 0.00  0 0.00  0 0.00  0
87  44 14  0  260.600   38.581    3.800  445.000  343.000  153.000    0.000  0  0.0000 0.00  0 0.00  0 0.00  0
87  44 15  0  259.600   38.596    3.300  286.000  225.000  152.000    0.000  0  0.0000 0.00  0 0.00  0 0.00  0
87  44 16  0  258.600   37.917    3.500  114.000   88.000  149.000    0.000  0  0.0000 0.00  0 0.00  0 0.00  0
87  44 17  0  257.100   42.159    2.200   20.000   15.000  147.000    0.000  0  0.0000 0.00  0 0.00  0 0.00  0
87  44 18  0  254.900   49.369    2.900   -4.000   -2.000  147.000    0.000  0  0.0000 0.00  0 0.00  0 0.00  0
87  44 19  0  253.800   49.472    2.000   -4.000   -2.000  147.000    0.000  0  0.0000 0.00  0 0.00  0 0.00  0
87  44 20  0  252.500   54.845    2.700   -4.000   -1.000  147.000    0.000  0  0.0000 0.00  0 0.00  0 0.00  0
87  44 21  0  251.900   56.206    2.200   -4.000   -1.000  147.000    0.000  0  0.0000 0.00  0 0.00  0 0.00  0
87  44 22  0  251.400   58.180    1.700   -4.000   -2.000  148.000    0.000  0  0.0000 0.00  0 0.00  0 0.00  0
87  44 23  0  251.000   55.415    1.400   -5.000   -2.000  148.000    0.000  0  0.0000 0.00  0 0.00  0 0.00  0
87  45  0  0  249.700   64.551    1.000   -5.000   -3.000  148.000    0.000  0  0.0000 0.00  0 0.00  0 0.00  0
87  45  1  0  249.000   65.585    0.700   -4.000   -2.000  151.000    0.000  0  0.0000 0.00  0 0.00  0 0.00  0
87  45  2  0  247.200   73.649    0.700   -4.000   -2.000  151.000    0.000  0  0.0000 0.00  0 0.00  0 0.00  0
87  45  3  0  246.500   76.334    0.700   -3.000   -2.000  152.000    0.000  0  0.0000 0.00  0 0.00  0 0.00  0
87  45  4  0  245.900   81.437    0.300   -3.000   -1.000  154.000    0.000  0  0.0000 0.00  0 0.00  0 0.00  0
87  45  5  0  245.700   80.639    0.600   -3.000   -1.000  166.000    0.000  0  0.0000 0.00  0 0.00  0 0.00  0
87  45  6  0  245.500   79.092    0.700   -2.000   -1.000  167.000    0.000  0  0.0000 0.00  0 0.00  0 0.00  0
87  45  7  0  246.300   76.295    0.600   59.000   42.000  164.000    0.000  0  0.0000 0.00  0 0.00  0 0.00  0
87  45  8  0  250.000   59.420    1.000  246.000  176.000  162.000    0.000  0  0.0000 0.00  0 0.00  0 0.00  0
87  45  9  0  252.500   49.054    2.500  403.000  302.000  158.000    0.000  0  0.0000 0.00  0 0.00  0 0.00  0
87  45 10  0  254.700   43.329    1.600  507.000  391.000  162.000    0.000  0  0.0000 0.00  0 0.00  0 0.00  0
87  45 11  0  256.500   39.341    2.300  581.000  446.000  158.000    0.000  0  0.0000 0.00  0 0.00  0 0.00  0
87  45 12  0  259.000   36.691    1.900  597.000  456.000  161.000    0.000  0  0.0000 0.00  0 0.00  0 0.00  0
87  45 13  0  260.100   33.236    2.100  549.000  420.000  159.000    0.000  0  0.0000 0.00  0 0.00  0 0.00  0
87  45 14  0  260.600   32.503    2.100  445.000  342.000  159.000    0.000  0  0.0000 0.00  0 0.00  0 0.00  0
87  45 15  0  260.300   31.528    2.300  290.000  227.000  155.000    0.000  0  0.0000 0.00  0 0.00  0 0.00  0
87  45 16  0  259.500   33.038    2.800  118.000   91.000  152.000    0.000  0  0.0000 0.00  0 0.00  0 0.00  0
87  45 17  0  257.600   38.988    1.600    3.000    3.000  152.000    0.000  0  0.0000 0.00  0 0.00  0 0.00  0
87  45 18  0  255.600   43.628    0.900   -6.000   -3.000  151.000    0.000  0  0.0000 0.00  0 0.00  0 0.00  0
87  45 19  0  253.300   52.611    0.700   -6.000   -4.000  151.000    0.000  0  0.0000 0.00  0 0.00  0 0.00  0
87  45 20  0  252.500   55.354    1.200   -4.000   -2.000  150.000    0.000  0  0.0000 0.00  0 0.00  0 0.00  0
87  45 21  0  251.900   55.173    1.200   -4.000   -2.000  145.000    0.000  0  0.0000 0.00  0 0.00  0 0.00  0
87  45 22  0  250.700   61.881    1.400   -5.000   -2.000  118.000    0.000  0  0.0000 0.00  0 0.00  0 0.00  0
87  45 23  0  248.500   66.075    0.700   -5.000   -3.000  142.000    0.000  0  0.0000 0.00  0 0.00  0 0.00  0
87  46  0  0  247.200   72.958    1.000   -4.000   -2.000  144.000    0.000  0  0.0000 0.00  0 0.00  0 0.00  0
87  46  1  0  245.700   79.880    0.900   -4.000   -2.000  145.000    0.000  0  0.0000 0.00  0 0.00  0 0.00  0
87  46  2  0  245.100   80.541    0.300   -4.000   -2.000  146.000    0.000  0  0.0000 0.00  0 0.00  0 0.00  0
87  46  3  0  244.300   81.963    0.600   -4.000   -2.000  148.000    0.000  0  0.0000 0.00  0 0.00  0 0.00  0
87  46  4  0  243.300   80.241    0.700   -3.000   -2.000  149.000    0.000  0  0.0000 0.00  0 0.00  0 0.00  0
87  46  5  0  242.900   80.174    0.400   -3.000   -2.000  150.000    0.000  0  0.0000 0.00  0 0.00  0 0.00  0
87  46  6  0  242.600   79.346    0.300   -2.000   -1.000  153.000    0.000  0  0.0000 0.00  0 0.00  0 0.00  0
87  46  7  0  242.800   78.612    0.900   70.000   45.000  161.000    0.000  0  0.0000 0.00  0 0.00  0 0.00  0
87  46  8  0  246.300   66.137    1.600  264.000  180.000  163.000    0.000  0  0.0000 0.00  0 0.00  0 0.00  0
87  46  9  0  252.700   52.424    2.600  428.000  306.000  159.000    0.000  0  0.0000 0.00  0 0.00  0 0.00  0
87  46 10  0  256.200   41.860    4.100  542.000  404.000  158.000    0.000  0  0.0000 0.00  0 0.00  0 0.00  0
87  46 11  0  257.700   40.844    3.400  597.000  461.000  163.000    0.000  0  0.0000 0.00  0 0.00  0 0.00  0
87  46 12  0  258.800   38.330    4.300  609.000  468.000  162.000    0.000  0  0.0000 0.00  0 0.00  0 0.00  0
87  46 13  0  260.000   34.750    4.900  560.000  429.000  160.000    0.000  0  0.0000 0.00  0 0.00  0 0.00  0
87  46 14  0  260.000   37.697    2.500  451.000  347.000  161.000    0.000  0  0.0000 0.00  0 0.00  0 0.00  0
87  46 15  0  259.800   39.012    2.900  293.000  230.000  159.000    0.000  0  0.0000 0.00  0 0.00  0 0.00  0
87  46 16  0  259.500   37.873    2.800  121.000   93.000  159.000    0.000  0  0.0000 0.00  0 0.00  0 0.00  0
87  46 17  0  258.000   40.944    2.800    6.000    5.000  157.000    0.000  0  0.0000 0.00  0 0.00  0 0.00  0
87  46 18  0  256.500   45.144    2.200   -4.000   -1.000  158.000    0.000  0  0.0000 0.00  0 0.00  0 0.00  0
87  46 19  0  255.000   48.505    3.700   -3.000   -1.000  161.000    0.000  0  0.0000 0.00  0 0.00  0 0.00  0
87  46 20  0  253.500   49.835    3.500   -3.000   -1.000  173.000    0.000  0  0.0000 0.00  0 0.00  0 0.00  0
87  46 21  0  253.600   51.268    3.100   -2.000   -1.000  211.000    0.000  0  0.0000 0.00  0 0.00  0 0.00  0
87  46 22  0  253.800   51.331    3.000   -2.000   -1.000  191.000    0.000  0  0.0000 0.00  0 0.00  0 0.00  0
87  46 23  0  253.700   52.735    1.900   -3.000   -2.000  178.000    0.000  0  0.0000 0.00  0 0.00  0 0.00  0
87  47  0  0  253.000   55.505    1.500   -4.000   -2.000  168.000    0.000  0  0.0000 0.00  0 0.00  0 0.00  0
87  47  1  0  252.400   59.555    0.700   -3.000   -2.000  167.000    0.000  0  0.0000 0.00  0 0.00  0 0.00  0
87  47  2  0  251.900   62.209    0.700   -4.000   -2.000  167.000    0.000  0  0.0000 0.00  0 0.00  0 0.00  0
87  47  3  0  251.100   65.517    0.500   -4.000   -2.000  167.000    0.000  0  0.0000 0.00  0 0.00  0 0.00  0
87  47  4  0  250.200   67.124    0.600   -3.000   -2.000  169.000    0.000  0  0.0000 0.00  0 0.00  0 0.00  0
87  47  5  0  249.600   72.127    0.900   -3.000   -2.000  172.000    0.000  0  0.0000 0.00  0 0.00  0 0.00  0
87  47  6  0  249.400   76.887    0.700    0.000    0.000  206.000    0.000  0  0.0000 0.00  0 0.00  0 0.00  0
87  47  7  0  252.500   63.520    1.700   30.000   24.000  231.000    0.000  0  0.0000 0.00  0 0.00  0 0.00  0
87  47  8  0  255.300   57.209    1.900  149.000  120.000  216.000    0.000  0  0.0000 0.00  0 0.00  0 0.00  0
87  47  9  0  257.700   54.918    3.600  382.000  304.000  179.000    0.000  0  0.0000 0.00  0 0.00  0 0.00  0
87  47 10  0  260.200   49.708    3.100  525.000  406.000  175.000    0.000  0  0.0000 0.00  0 0.00  0 0.00  0
87  47 11  0  261.800   48.081    4.000  602.000  461.000  171.000    0.000  0  0.0000 0.00  0 0.00  0 0.00  0
87  47 12  0  263.200   44.526    2.800  616.000  468.000  173.000    0.000  0  0.0000 0.00  0 0.00  0 0.00  0
87  47 13  0  265.000   42.489    2.300  567.000  431.000  178.000    0.000  0  0.0000 0.00  0 0.00  0 0.00  0
87  47 14  0  266.000   41.734    3.100  459.000  350.000  177.000    0.000  0  0.0000 0.00  0 0.00  0 0.00  0
87  47 15  0  266.600   42.638    2.700  298.000  232.000  175.000    0.000  0  0.0000 0.00  0 0.00  0 0.00  0
87  47 16  0  266.700   41.255    2.700  119.000   92.000  173.000    0.000  0  0.0000 0.00  0 0.00  0 0.00  0
87  47 17  0  264.600   46.922    1.600    3.000    1.000  169.000    0.000  0  0.0000 0.00  0 0.00  0 0.00  0
87  47 18  0  261.600   57.998    0.700   -6.000   -4.000  175.000    0.000  0  0.0000 0.00  0 0.00  0 0.00  0
87  47 19  0  260.200   63.836    1.200   -5.000   -3.000  179.000    0.000  0  0.0000 0.00  0 0.00  0 0.00  0
87  47 20  0  260.100   66.019    1.400   -4.000   -2.000  178.000    0.000  0  0.0000 0.00  0 0.00  0 0.00  0
87  47 21  0  259.500   65.873    1.200   -4.000   -1.000  178.000    0.000  0  0.0000 0.00  0 0.00  0 0.00  0
87  47 22  0  259.600   63.140    1.000   -4.000   -2.000  175.000    0.000  0  0.0000 0.00  0 0.00  0 0.00  0
87  47 23  0  258.100   68.416    1.000   -5.000   -3.000  173.000    0.000  0  0.0000 0.00  0 0.00  0 0.00  0
87  48  0  0  255.700   80.079    0.500   -5.000   -3.000  172.000    0.000  0  0.0000 0.00  0 0.00  0 0.00  0
87  48  1  0  254.300   82.694    0.600   -4.000   -2.000  173.000    0.000  0  0.0000 0.00  0 0.00  0 0.00  0
87  48  2  0  253.600   85.540    0.600   -3.000   -2.000  174.000    0.000  0  0.0000 0.00  0 0.00  0 0.00  0
87  48  3  0  252.400   81.692    0.900   -4.000   -2.000  173.000    0.000  0  0.0000 0.00  0 0.00  0 0.00  0
87  48  4  0  251.800   83.071    0.500   -3.000   -2.000  175.000    0.000  0  0.0000 0.00  0 0.00  0 0.00  0
87  48  5  0  251.200   83.733    0.500   -3.000   -2.000  174.000    0.000  0  0.0000 0.00  0 0.00  0 0.00  0
87  48  6  0  250.500   79.941    0.400   -2.000   -1.000  174.000    0.000  0  0.0000 0.00  0 0.00  0 0.00  0
87  48  7  0  251.000   79.305    0.700   89.000   50.000  178.000    0.000  0  0.0000 0.00  0 0.00  0 0.00  0
87  48  8  0  254.900   68.869    0.900  312.000  185.000  179.000    0.000  0  0.0000 0.00  0 0.00  0 0.00  0
87  48  9  0  258.900   65.726    0.700  488.000  305.000  175.000    0.000  0  0.0000 0.00  0 0.00  0 0.00  0
87  48 10  0  263.800   50.812    1.300  529.000  400.000  171.000    0.000  0  0.0000 0.00  0 0.00  0 0.00  0
87  48 11  0  267.000   44.968    1.100  603.000  455.000  182.000    0.000  0  0.0000 0.00  0 0.00  0 0.00  0
87  48 12  0  269.600   38.827    1.400  617.000  459.000  188.000    0.000  0  0.0000 0.00  0 0.00  0 0.00  0
87  48 13  0  271.200   37.753    1.900  575.000  430.000  186.000    0.000  0  0.0000 0.00  0 0.00  0 0.00  0
87  48 14  0  272.400   30.786    1.800  471.000  351.000  185.000    0.000  0  0.0000 0.00  0 0.00  0 0.00  0
87  48 15  0  272.100   24.431    2.200  311.000  237.000  183.000    0.000  0  0.0000 0.00  0 0.00  0 0.00  0
87  48 16  0  271.500   24.461    2.300  122.000   92.000  178.000    0.000  0  0.0000 0.00  0 0.00  0 0.00  0
87  48 17  0  269.700   27.719    2.300    5.000    3.000  173.000    0.000  0  0.0000 0.00  0 0.00  0 0.00  0
87  48 18  0  267.700   31.956    0.800   -7.000   -4.000  173.000    0.000  0  0.0000 0.00  0 0.00  0 0.00  0
87  48 19  0  266.300   33.774    1.700   -6.000   -4.000  171.000    0.000  0  0.0000 0.00  0 0.00  0 0.00  0
87  48 20  0  263.700   44.686    0.800   -7.000   -5.000  167.000    0.000  0  0.0000 0.00  0 0.00  0 0.00  0
87  48 21  0  260.700   56.764    1.100   -5.000   -4.000  171.000    0.000  0  0.0000 0.00  0 0.00  0 0.00  0
87  48 22  0  259.000   68.040    0.300   -5.000   -4.000  175.000    0.000  0  0.0000 0.00  0 0.00  0 0.00  0
87  48 23  0  258.100   77.776    0.400   -3.000   -2.000  189.000    0.000  0  0.0000 0.00  0 0.00  0 0.00  0
87  49  0  0  257.500   77.671    0.500   -3.000   -2.000  190.000    0.000  0  0.0000 0.00  0 0.00  0 0.00  0
87  49  1  0  257.000   76.920    0.300   -3.000   -2.000  199.000    0.000  0  0.0000 0.00  0 0.00  0 0.00  0
87  49  2  0  256.600   79.537    0.300   -2.000   -2.000  196.000    0.000  0  0.0000 0.00  0 0.00  0 0.00  0
87  49  3  0  256.200   85.850    0.300   -3.000   -2.000  192.000    0.000  0  0.0000 0.00  0 0.00  0 0.00  0
87  49  4  0  255.200   86.474    0.600   -4.000   -2.000  181.000    0.000  0  0.0000 0.00  0 0.00  0 0.00  0
87  49  5  0  253.900   82.637    0.300   -4.000   -2.000  176.000    0.000  0  0.0000 0.00  0 0.00  0 0.00  0
87  49  6  0  253.700   88.591    0.700   -3.000   -2.000  187.000    0.000  0  0.0000 0.00  0 0.00  0 0.00  0
