Date    Flow
19880101    135
19880102    123
19880103    127
19880104    125
19880105    120
19880106    124
19880107    121
19880108    119
19880109    116
19880110    126
19880111    125
19880112    119
19880113    109
19880114    113
19880115    112
19880116    112
19880117    111
19880118    119
19880119    116
19880120    110
19880121    114
19880122    112
19880123    111
19880124    111
19880125    114
19880126    107
19880127    115
19880128    109
19880129    112
19880130    113
19880131    109
19880201    108
19880202    109
19880203    109
19880204    104
19880205    107
19880206    104
19880207    107
19880208    101
19880209    108
19880210    107
19880211    109
19880212    107
19880213    103
19880214    102
19880215    106
19880216    106
19880217    108
19880218    104
19880219    104
19880220    105
19880221    105
19880222    106
19880223    105
19880224    111
19880225    108
19880226    108
19880227    107
19880228    109
19880229    109
19880301    101
19880302    104
19880303    107
19880304    104
19880305    105
19880306    103
19880307    103
19880308    103
19880309    105
19880310    111
19880311    114
19880312    134
19880313    136
19880314    148
19880315    146
19880316    142
19880317    131
19880318    117
19880319    119
19880320    114
19880321    123
19880322    126
19880323    125
19880324    126
19880325    126
19880326    132
19880327    134
19880328    145
19880329    161
19880330    154
19880331    151
19880401    149
19880402    152
19880403    148
19880404    151
19880405    157
19880406    156
19880407    167
19880408    159
19880409    159
19880410    172
19880411    235
19880412    263
19880413    222
19880414    209
19880415    203
19880416    197
19880417    208
19880418    222
19880419    216
19880420    207
19880421    212
19880422    199
19880423    193
19880424    190
19880425    195
19880426    219
19880427    244
19880428    247
19880429    212
19880430    239
19880501    244
19880502    261
19880503    332
19880504    376
19880505    376
19880506    461
19880507    453
19880508    467
19880509    493
19880510    524
19880511    501
19880512    454
19880513    410
19880514    390
19880515    362
19880516    344
19880517    352
19880518    410
19880519    421
19880520    442
19880521    533
19880522    560
19880523    454
19880524    551
19880525    597
19880526    576
19880527    617
19880528    595
19880529    571
19880530    724
19880531    799
19880601    705
19880602    607
19880603    531
19880604    493
19880605    641
19880606    709
19880607    624
19880608    618
19880609    646
19880610    1040
19880611    917
19880612    1100
19880613    1340
19880614    1500
19880615    1370
19880616    1190
19880617    1200
19880618    1280
19880619    1210
19880620    1050
19880621    995
19880622    946
19880623    819
19880624    750
19880625    663
19880626    677
19880627    642
19880628    572
19880629    528
19880630    488
19880701    526
19880702    1180
19880703    1140
19880704    1320
19880705    1150
19880706    926
19880707    864
19880708    926
19880709    1020
19880710    1590
19880711    1760
19880712    1320
19880713    1110
19880714    915
19880715    866
19880716    776
19880717    717
19880718    653
19880719    642
19880720    990
19880721    905
19880722    759
19880723    663
19880724    732
19880725    744
19880726    1140
19880727    998
19880728    823
19880729    878
19880730    718
19880731    708
19880801    705
19880802    644
19880803    620
19880804    653
19880805    652
19880806    594
19880807    551
19880808    604
19880809    765
19880810    714
19880811    651
19880812    704
19880813    649
19880814    724
19880815    1390
19880816    1190
19880817    897
19880818    1060
19880819    998
19880820    931
19880821    829
19880822    782
19880823    738
19880824    717
19880825    716
19880826    670
19880827    610
19880828    594
19880829    538
19880830    515
19880831    535
19880901    615
19880902    1020
19880903    969
19880904    946
19880905    855
19880906    748
19880907    694
19880908    827
19880909    888
19880910    1190
19880911    1200
19880912    1060
19880913    1230
19880914    1240
19880915    1070
19880916    904
19880917    797
19880918    731
19880919    718
19880920    715
19880921    716
19880922    650
19880923    632
19880924    612
19880925    636
19880926    673
19880927    711
19880928    736
19880929    806
19880930    803
19881001    792
19881002    776
19881003    745
19881004    751
19881005    867
19881006    930
19881007    950
19881008    906
19881009    869
19881010    816
19881011    792
19881012    741
19881013    715
19881014    669
19881015    632
19881016    619
19881017    614
19881018    614
19881019    586
19881020    546
19881021    532
19881022    529
19881023    531
19881024    509
19881025    481
19881026    462
19881027    452
19881028    447
19881029    434
19881030    418
19881031    407
19881101    398
19881102    400
19881103    393
19881104    382
19881105    367
19881106    365
19881107    359
19881108    357
19881109    342
19881110    339
19881111    331
19881112    316
19881113    313
19881114    304
19881115    293
19881116    293
19881117    291
19881118    287
19881119    276
19881120    273
19881121    273
19881122    271
19881123    264
19881124    256
19881125    250
19881126    249
19881127    242
19881128    245
19881129    240
19881130    234
19881201    231
19881202    231
19881203    224
19881204    211
19881205    212
19881206    206
19881207    207
19881208    195
19881209    203
19881210    201
19881211    193
19881212    180
19881213    180
19881214    181
19881215    177
19881216    180
19881217    174
19881218    184
19881219    182
19881220    177
19881221    172
19881222    166
19881223    173
19881224    171
19881225    167
19881226    170
19881227    166
19881228    159
19881229    164
19881230    168
19881231    153
19890101    157
19890102    150
19890103    151
19890104    152
19890105    155
19890106    154
19890107    154
19890108    146
19890109    147
19890110    143
19890111    141
19890112    144
19890113    147
19890114    143
19890115    143
19890116    135
19890117    135
19890118    132
19890119    136
19890120    131
19890121    134
19890122    137
19890123    133
19890124    129
19890125    126
19890126    132
19890127    129
19890128    131
19890129    130
19890130    126
19890131    129
19890201    131
19890202    127
19890203    128
19890204    122
19890205    124
19890206    124
19890207    123
19890208    124
19890209    119
19890210    121
19890211    119
19890212    122
19890213    121
19890214    122
19890215    123
19890216    123
19890217    125
19890218    122
19890219    118
19890220    123
19890221    125
19890222    104
19890223    113
19890224    124
19890225    113
19890226    118
19890227    119
19890228    131
19890301    126
19890302    127
19890303    130
19890304    133
19890305    128
19890306    123
19890307    119
19890308    114
19890309    110
19890310    117
19890311    119
19890312    124
19890313    130
19890314    139
19890315    142
19890316    155
19890317    155
19890318    155
19890319    154
19890320    145
19890321    141
19890322    139
19890323    147
19890324    146
19890325    146
19890326    143
19890327    148
19890328    138
19890329    135
19890330    140
19890331    146
19890401    145
19890402    143
19890403    169
19890404    168
19890405    173
19890406    178
19890407    178
19890408    165
19890409    166
19890410    157
19890411    175
19890412    185
19890413    184
19890414    184
19890415    195
19890416    214
19890417    218
19890418    252
19890419    277
19890420    344
19890421    619
19890422    488
19890423    332
19890424    314
19890425    298
19890426    359
19890427    392
19890428    629
19890429    510
19890430    434
19890501    372
19890502    358
19890503    357
19890504    403
19890505    479
19890506    555
19890507    733
19890508    957
19890509    980
19890510    1040
19890511    875
19890512    971
19890513    988
19890514    814
19890515    645
19890516    565
19890517    501
19890518    489
19890519    516
19890520    540
19890521    644
19890522    686
19890523    665
19890524    653
19890525    578
19890526    530
19890527    923
19890528    896
19890529    737
19890530    657
19890531    606
19890601    582
19890602    549
19890603    549
19890604    571
19890605    638
19890606    784
19890607    1020
19890608    1350
19890609    1160
19890610    1120
19890611    1000
19890612    1190
19890613    1490
19890614    1440
19890615    1130
19890616    1560
19890617    1450
19890618    1460
19890619    1370
19890620    1390
19890621    1550
19890622    1400
19890623    1180
19890624    1070
19890625    1050
19890626    1220
19890627    1370
19890628    1120
19890629    995
19890630    889
19890701    789
19890702    710
19890703    642
19890704    622
19890705    621
19890706    607
19890707    686
19890708    943
19890709    1150
19890710    1310
19890711    1460
19890712    1180
19890713    982
19890714    885
19890715    767
19890716    716
19890717    1460
19890718    1140
19890719    959
19890720    837
19890721    739
19890722    671
19890723    717
19890724    886
19890725    763
19890726    1060
19890727    1710
19890728    1500
19890729    1160
19890730    960
19890731    810
19890801    741
19890802    657
19890803    657
19890804    588
19890805    613
19890806    582
19890807    548
19890808    518
19890809    514
19890810    488
19890811    479
19890812    681
19890813    595
19890814    516
19890815    519
19890816    593
19890817    872
19890818    781
19890819    1450
19890820    1210
19890821    907
19890822    733
19890823    636
19890824    570
19890825    588
19890826    606
19890827    635
19890828    632
19890829    561
19890830    559
19890831    699
19890901    842
19890902    957
19890903    898
19890904    1020
19890905    1110
19890906    917
19890907    790
19890908    717
19890909    709
19890910    664
19890911    792
19890912    1030
19890913    927
19890914    830
19890915    761
19890916    725
19890917    698
19890918    662
19890919    609
19890920    597
19890921    565
19890922    524
19890923    506
19890924    548
19890925    518
19890926    485
19890927    592
19890928    869
19890929    819
19890930    730
19891001    706
19891002    678
19891003    651
19891004    636
19891005    771
19891006    905
19891007    868
19891008    872
19891009    882
19891010    833
19891011    761
19891012    718
19891013    664
19891014    632
19891015    599
19891016    588
19891017    578
19891018    552
19891019    546
19891020    520
19891021    511
19891022    485
19891023    474
19891024    442
19891025    428
19891026    418
19891027    406
19891028    417
19891029    421
19891030    413
19891031    402
19891101    343
19891102    338
19891103    370
19891104    371
19891105    362
19891106    362
19891107    345
19891108    344
19891109    347
19891110    327
19891111    315
19891112    324
19891113    316
19891114    303
19891115    301
19891116    292
19891117    281
19891118    293
19891119    288
19891120    286
19891121    273
19891122    271
19891123    274
19891124    261
19891125    250
19891126    240
19891127    247
19891128    246
19891129    249
19891130    246
19891201    241
19891202    233
19891203    221
19891204    221
19891205    217
19891206    215
19891207    215
19891208    215
19891209    207
19891210    206
19891211    214
19891212    209
19891213    215
19891214    195
19891215    187
19891216    195
19891217    200
19891218    186
19891219    189
19891220    179
19891221    185
19891222    172
19891223    190
19891224    175
19891225    169
19891226    169
19891227    175
19891228    157
19891229    166
19891230    153
19891231    156
19900101    140
19900102    148
19900103    152
19900104    147
19900105    150
19900106    156
19900107    151
19900108    151
19900109    144
19900110    136
19900111    135
19900112    136
19900113    132
19900114    129
19900115    148
19900116    134
19900117    138
19900118    139
19900119    136
19900120    134
19900121    137
19900122    144
19900123    133
19900124    135
19900125    130
19900126    133
19900127    128
19900128    126
19900129    128
19900130    141
19900131    115
19900201    129
19900202    107
19900203    126
19900204    109
19900205    123
19900206    130
19900207    122
19900208    119
19900209    119
19900210    124
19900211    126
19900212    124
19900213    124
19900214    126
19900215    131
19900216    128
19900217    125
19900218    125
19900219    130
19900220    124
19900221    116
19900222    109
19900223    120
19900224    122
19900225    117
19900226    115
19900227    118
19900228    117
19900301    119
19900302    122
19900303    119
19900304    114
19900305    113
19900306    117
19900307    121
19900308    113
19900309    113
19900310    118
19900311    111
19900312    119
19900313    123
19900314    129
19900315    130
19900316    132
19900317    116
19900318    125
19900319    119
19900320    128
19900321    144
19900322    147
19900323    146
19900324    156
19900325    167
19900326    170
19900327    174
19900328    176
19900329    169
19900330    147
19900331    155
19900401    144
19900402    160
19900403    202
19900404    202
19900405    193
19900406    178
19900407    178
19900408    181
19900409    176
19900410    178
19900411    173
19900412    185
19900413    175
19900414    168
19900415    162
19900416    190
19900417    232
19900418    261
19900419    265
19900420    265
19900421    353
19900422    445
19900423    544
19900424    486
19900425    412
19900426    359
19900427    334
19900428    383
19900429    388
19900430    470
19900501    583
19900502    581
19900503    671
19900504    598
19900505    513
19900506    483
19900507    448
19900508    443
19900509    456
19900510    540
19900511    501
19900512    490
19900513    503
19900514    539
19900515    550
19900516    480
19900517    429
19900518    391
19900519    408
19900520    443
19900521    500
19900522    554
19900523    643
19900524    635
19900525    592
19900526    611
19900527    602
19900528    647
19900529    722
19900530    673
19900531    749
19900601    775
19900602    692
19900603    637
19900604    588
19900605    576
19900606    635
19900607    842
19900608    769
19900609    651
19900610    634
19900611    820
19900612    798
19900613    683
19900614    738
19900615    888
19900616    893
19900617    1240
19900618    1240
19900619    1430
19900620    1510
19900621    1250
19900622    1020
19900623    903
19900624    873
19900625    774
19900626    718
19900627    676
19900628    696
19900629    875
19900630    1180
19900701    975
19900702    842
19900703    730
19900704    723
19900705    729
19900706    793
19900707    875
19900708    709
19900709    629
19900710    604
19900711    569
19900712    607
19900713    684
19900714    655
19900715    572
19900716    665
19900717    1200
19900718    1040
19900719    747
19900720    675
19900721    643
19900722    591
19900723    668
19900724    636
19900725    664
19900726    1360
19900727    967
19900728    807
19900729    779
19900730    770
19900731    1050
19900801    1020
19900802    1050
19900803    875
19900804    735
19900805    674
19900806    595
19900807    541
19900808    518
19900809    492
19900810    459
19900811    443
19900812    474
19900813    619
19900814    635
19900815    560
19900816    723
19900817    636
19900818    926
19900819    1050
19900820    788
19900821    686
19900822    615
19900823    591
19900824    663
19900825    891
19900826    1340
19900827    1670
19900828    1840
19900829    1760
19900830    1330
19900831    1060
19900901    908
19900902    1120
19900903    1140
19900904    1060
19900905    1050
19900906    893
19900907    908
19900908    2420
19900909    1770
19900910    1490
19900911    1440
19900912    1550
19900913    1850
19900914    1660
19900915    1450
19900916    1340
19900917    1180
19900918    1020
19900919    900
19900920    847
19900921    783
19900922    751
19900923    712
19900924    662
19900925    646
19900926    680
19900927    675
19900928    624
19900929    584
19900930    579
19901001    554
19901002    545
19901003    526
19901004    530
19901005    511
19901006    499
19901007    482
19901008    481
19901009    489
19901010    504
19901011    564
19901012    590
19901013    571
19901014    548
19901015    506
19901016    505
19901017    535
19901018    576
19901019    559
19901020    548
19901021    534
19901022    524
19901023    519
19901024    568
19901025    547
19901026    494
19901027    508
19901028    503
19901029    484
19901030    467
19901031    454
19901101    449
19901102    434
19901103    418
19901104    420
19901105    400
19901106    395
19901107    363
19901108    437
19901109    475
19901110    410
19901111    392
19901112    375
19901113    372
19901114    356
19901115    339
19901116    317
19901117    320
19901118    312
19901119    304
19901120    308
19901121    286
19901122    289
19901123    282
19901124    283
19901125    279
19901126    276
19901127    263
19901128    251
19901129    257
19901130    270
19901201    257
19901202    265
19901203    243
19901204    244
19901205    244
19901206    246
19901207    231
19901208    232
19901209    239
19901210    234
19901211    222
19901212    210
19901213    217
19901214    227
19901215    201
19901216    207
19901217    208
19901218    209
19901219    200
19901220    202
19901221    191
19901222    187
19901223    188
19901224    183
19901225    191
19901226    186
19901227    180
19901228    188
19901229    176
19901230    180
19901231    169
19910101    178
19910102    169
19910103    163
19910104    169
19910105    165
19910106    164
19910107    165
19910108    158
19910109    154
19910110    157
19910111    153
19910112    159
19910113    155
19910114    155
19910115    143
19910116    144
19910117    156
19910118    151
19910119    146
19910120    151
19910121    149
19910122    148
19910123    147
19910124    149
19910125    141
19910126    135
19910127    145
19910128    142
19910129    138
19910130    140
19910131    142
19910201    146
19910202    141
19910203    131
19910204    135
19910205    128
19910206    139
19910207    136
19910208    146
19910209    139
19910210    141
19910211    133
19910212    123
19910213    125
19910214    126
19910215    150
19910216    128
19910217    132
19910218    117
19910219    130
19910220    126
19910221    127
19910222    112
19910223    128
19910224    129
19910225    134
19910226    123
19910227    129
19910228    119
19910301    129
19910302    132
19910303    127
19910304    130
19910305    124
19910306    131
19910307    136
19910308    137
19910309    134
19910310    132
19910311    133
19910312    133
19910313    139
19910314    138
19910315    151
19910316    137
19910317    143
19910318    152
19910319    151
19910320    154
19910321    148
19910322    153
19910323    166
19910324    155
19910325    166
19910326    166
19910327    157
19910328    157
19910329    142
19910330    153
19910331    154
19910401    158
19910402    150
19910403    139
19910404    154
19910405    160
19910406    161
19910407    165
19910408    173
19910409    176
19910410    193
19910411    221
19910412    236
19910413    232
19910414    215
19910415    213
19910416    199
19910417    214
19910418    231
19910419    234
19910420    229
19910421    209
19910422    200
19910423    215
19910424    217
19910425    239
19910426    271
19910427    297
19910428    354
19910429    389
19910430    391
19910501    381
19910502    370
19910503    343
19910504    413
19910505    462
19910506    458
19910507    476
19910508    443
19910509    381
19910510    353
19910511    372
19910512    387
19910513    391
19910514    403
19910515    396
19910516    378
19910517    365
19910518    409
19910519    418
19910520    464
19910521    557
19910522    555
19910523    669
19910524    684
19910525    739
19910526    613
19910527    614
19910528    631
19910529    825
19910530    1010
19910531    824
19910601    754
19910602    728
19910603    829
19910604    824
19910605    770
19910606    675
19910607    593
19910608    529
19910609    528
19910610    621
19910611    583
19910612    531
19910613    623
19910614    950
19910615    1280
19910616    1010
19910617    839
19910618    773
19910619    707
19910620    653
19910621    620
19910622    629
19910623    631
19910624    607
19910625    557
19910626    525
19910627    483
19910628    508
19910629    759
19910630    1010
19910701    1030
19910702    817
19910703    736
19910704    746
19910705    687
19910706    664
19910707    656
19910708    592
19910709    665
19910710    588
19910711    534
19910712    503
19910713    464
19910714    464
19910715    472
19910716    486
19910717    478
19910718    466
19910719    436
19910720    413
19910721    404
19910722    528
19910723    529
19910724    459
19910725    421
19910726    400
19910727    460
19910728    480
19910729    848
19910730    950
19910731    750
19910801    627
19910802    566
19910803    526
19910804    475
19910805    455
19910806    464
19910807    433
19910808    490
19910809    983
19910810    1220
19910811    896
19910812    806
19910813    875
19910814    833
19910815    984
19910816    925
19910817    781
19910818    684
19910819    726
19910820    740
19910821    651
19910822    640
19910823    591
19910824    538
19910825    490
19910826    464
19910827    471
19910828    560
19910829    604
19910830    520
19910831    473
19910901    435
19910902    448
19910903    414
19910904    390
19910905    383
19910906    362
19910907    375
19910908    358
19910909    429
19910910    553
19910911    758
19910912    698
19910913    602
19910914    526
19910915    538
19910916    643
19910917    797
19910918    701
19910919    690
19910920    666
19910921    614
19910922    671
19910923    726
19910924    758
19910925    718
19910926    687
19910927    638
19910928    603
19910929    578
19910930    541
19911001    507
19911002    476
19911003    475
19911004    501
19911005    567
19911006    543
19911007    517
19911008    507
19911009    527
19911010    553
19911011    611
19911012    659
19911013    697
19911014    684
19911015    680
19911016    683
19911017    676
19911018    680
19911019    680
19911020    665
19911021    663
19911022    661
19911023    653
19911024    602
19911025    552
19911026    548
19911027    533
19911028    507
19911029    485
19911030    461
19911031    446
19911101    428
19911102    420
19911103    407
19911104    381
19911105    382
19911106    373
19911107    359
19911108    341
19911109    325
19911110    315
19911111    295
19911112    306
19911113    305
19911114    299
19911115    289
19911116    294
19911117    296
19911118    273
19911119    264
19911120    263
19911121    253
19911122    272
19911123    264
19911124    262
19911125    253
19911126    244
19911127    249
19911128    234
19911129    234
19911130    218
19911201    226
19911202    230
19911203    229
19911204    217
19911205    200
19911206    207
19911207    203
19911208    203
19911209    200
19911210    191
19911211    194
19911212    201
19911213    193
19911214    188
19911215    184
19911216    192
19911217    193
19911218    184
19911219    185
19911220    182
19911221    179
19911222    187
19911223    175
19911224    177
19911225    144
19911226    161
19911227    140
19911228    160
19911229    141
19911230    163
19911231    156
19920101    157
19920102    154
19920103    153
19920104    156
19920105    160
19920106    159
19920107    164
19920108    162
19920109    157
19920110    148
19920111    144
19920112    150
19920113    150
19920114    144
19920115    140
19920116    145
19920117    149
19920118    141
19920119    145
19920120    152
19920121    144
19920122    134
19920123    141
19920124    140
19920125    140
19920126    134
19920127    133
19920128    125
19920129    128
19920130    140
19920131    131
19920201    134
19920202    135
19920203    112
19920204    134
19920205    131
19920206    131
19920207    129
19920208    131
19920209    120
19920210    120
19920211    126
19920212    125
19920213    114
19920214    118
19920215    114
19920216    121
19920217    120
19920218    121
19920219    119
19920220    120
19920221    119
19920222    124
19920223    122
19920224    118
19920225    120
19920226    121
19920227    120
19920228    122
19920229    122
19920301    121
19920302    125
19920303    122
19920304    123
19920305    122
19920306    129
19920307    123
19920308    110
19920309    117
19920310    117
19920311    125
19920312    129
19920313    128
19920314    134
19920315    148
19920316    167
19920317    161
19920318    163
19920319    131
19920320    134
19920321    132
19920322    145
19920323    170
19920324    177
19920325    169
19920326    168
19920327    170
19920328    178
19920329    179
19920330    174
19920331    173
19920401    181
19920402    191
19920403    181
19920404    194
19920405    208
19920406    236
19920407    227
19920408    275
19920409    256
19920410    251
19920411    256
19920412    273
19920413    268
19920414    247
19920415    237
19920416    239
19920417    250
19920418    266
19920419    286
19920420    307
19920421    343
19920422    327
19920423    319
19920424    324
19920425    346
19920426    360
19920427    441
19920428    450
19920429    474
19920430    463
19920501    535
19920502    597
19920503    544
19920504    631
19920505    625
19920506    587
19920507    659
19920508    615
19920509    538
19920510    527
19920511    540
19920512    529
19920513    549
19920514    594
19920515    551
19920516    646
19920517    735
19920518    674
19920519    621
19920520    570
19920521    526
19920522    496
19920523    497
19920524    482
19920525    470
19920526    459
19920527    514
19920528    630
19920529    702
19920530    713
19920531    769
19920601    798
19920602    936
19920603    1150
19920604    981
19920605    842
19920606    805
19920607    762
19920608    696
19920609    628
19920610    619
19920611    647
19920612    813
19920613    1310
19920614    1130
19920615    1150
19920616    1030
19920617    913
19920618    895
19920619    1060
19920620    1200
19920621    1320
19920622    1340
19920623    1360
19920624    1560
19920625    1670
19920626    1970
19920627    1970
19920628    2110
19920629    2780
19920630    2378
19920701    2170
19920702    1660
19920703    1370
19920704    1300
19920705    1490
19920706    1510
19920707    1260
19920708    1070
19920709    998
19920710    873
19920711    773
19920712    815
19920713    1200
19920714    1580
19920715    2310
19920716    1960
19920717    1540
19920718    1410
19920719    1180
19920720    978
19920721    861
19920722    771
19920723    721
19920724    757
19920725    1270
19920726    1750
19920727    1130
19920728    1190
19920729    1410
19920730    1150
19920731    893
19920801    810
19920802    730
19920803    825
19920804    792
19920805    685
19920806    659
19920807    613
19920808    580
19920809    597
19920810    541
19920811    519
19920812    512
19920813    674
19920814    939
19920815    713
19920816    604
19920817    592
19920818    610
19920819    643
19920820    792
19920821    986
19920822    823
19920823    690
19920824    678
19920825    633
19920826    573
19920827    543
19920828    522
19920829    532
19920830    540
19920831    584
19920901    537
19920902    493
19920903    463
19920904    447
19920905    446
19920906    425
19920907    421
19920908    476
19920909    462
19920910    428
19920911    415
19920912    628
19920913    664
19920914    595
19920915    677
19920916    716
19920917    685
19920918    639
19920919    617
19920920    623
19920921    651
19920922    640
19920923    597
19920924    819
19920925    839
19920926    797
19920927    897
19920928    942
19920929    833
19920930    728
19921001    667
19921002    619
19921003    588
19921004    559
19921005    548
19921006    535
19921007    528
19921008    528
19921009    524
19921010    510
19921011    523
19921012    527
19921013    517
19921014    515
19921015    531
19921016    529
19921017    523
19921018    490
19921019    480
19921020    486
19921021    497
19921022    474
19921023    461
19921024    447
19921025    434
19921026    421
19921027    416
19921028    412
19921029    396
19921030    289
19921031    385
19921101    365
19921102    351
19921103    355
19921104    361
19921105    347
19921106    347
19921107    346
19921108    324
19921109    319
19921110    303
19921111    292
19921112    290
19921113    289
19921114    277
19921115    278
19921116    273
19921117    269
19921118    265
19921119    251
19921120    243
19921121    261
19921122    261
19921123    247
19921124    249
19921125    236
19921126    239
19921127    235
19921128    228
19921129    224
19921130    221
19921201    211
19921202    216
19921203    218
19921204    217
19921205    214
19921206    204
19921207    205
19921208    199
19921209    202
19921210    198
19921211    196
19921212    190
19921213    189
19921214    185
19921215    190
19921216    205
19921217    180
19921218    181
19921219    177
19921220    166
19921221    164
19921222    171
19921223    169
19921224    153
19921225    153
19921226    156
19921227    158
19921228    133
19921229    154
19921230    157
19921231    151
19930101    143
19930102    141
19930103    151
19930104    145
19930105    144
19930106    152
19930107    149
19930108    156
19930109    145
19930110    137
19930111    143
19930112    139
19930113    144
19930114    141
19930115    143
19930116    144
19930117    146
19930118    137
19930119    117
19930120    134
19930121    133
19930122    132
19930123    152
19930124    131
19930125    126
19930126    115
19930127    122
19930128    117
19930129    116
19930130    118
19930131    122
19930201    121
19930202    113
19930203    122
19930204    113
19930205    117
19930206    117
19930207    110
19930208    110
19930209    110
19930210    120
19930211    122
19930212    120
19930213    130
19930214    127
19930215    135
19930216    123
19930217    127
19930218    118
19930219    125
19930220    118
19930221    119
19930222    122
19930223    96
19930224    119
19930225    111
19930226    111
19930227    119
19930228    118
19930301    118
19930302    122
19930303    91.5
19930304    102
19930305    110
19930306    109
19930307    110
19930308    114
19930309    111
19930310    115
19930311    108
19930312    111
19930313    109
19930314    123
19930315    119
19930316    123
19930317    122
19930318    124
19930319    125
19930320    113
19930321    109
19930322    119
19930323    114
19930324    110
19930325    117
19930326    118
19930327    123
19930328    139
19930329    133
19930330    131
19930331    128
19930401    144
19930402    141
19930403    162
19930404    181
19930405    185
19930406    204
19930407    186
19930408    163
19930409    162
19930410    183
19930411    176
19930412    189
19930413    205
19930414    209
19930415    249
19930416    276
19930417    300
19930418    268
19930419    280
19930420    272
19930421    258
19930422    259
19930423    247
19930424    246
19930425    268
19930426    291
19930427    265
19930428    279
19930429    299
19930430    329
19930501    424
19930502    546
19930503    458
19930504    462
19930505    498
19930506    548
19930507    532
19930508    512
19930509    482
19930510    477
19930511    516
19930512    572
19930513    570
19930514    616
19930515    601
19930516    592
19930517    598
19930518    611
19930519    716
19930520    711
19930521    773
19930522    819
19930523    764
19930524    709
19930525    724
19930526    662
19930527    582
19930528    532
19930529    499
19930530    486
19930531    473
19930601    467
19930602    461
19930603    492
19930604    532
19930605    519
19930606    543
19930607    537
19930608    516
19930609    500
19930610    573
19930611    758
19930612    751
19930613    631
19930614    612
19930615    556
19930616    567
19930617    566
19930618    627
19930619    590
19930620    655
19930621    995
19930622    1470
19930623    1020
19930624    814
19930625    700
19930626    652
19930627    852
19930628    1000
19930629    1100
19930630    900
19930701    781
19930702    761
19930703    724
19930704    718
19930705    799
19930706    957
19930707    853
19930708    725
19930709    647
19930710    604
19930711    597
19930712    580
19930713    889
19930714    846
19930715    1670
19930716    1450
19930717    1390
19930718    1150
19930719    919
19930720    807
19930721    920
19930722    1450
19930723    1150
19930724    933
19930725    803
19930726    751
19930727    671
19930728    611
19930729    727
19930730    921
19930731    790
19930801    708
19930802    618
19930803    599
19930804    574
19930805    602
19930806    586
19930807    612
19930808    690
19930809    887
19930810    1300
19930811    1100
19930812    1010
19930813    913
19930814    809
19930815    1060
19930816    1510
19930817    1190
19930818    982
19930819    876
19930820    811
19930821    783
19930822    742
19930823    725
19930824    990
19930825    1250
19930826    1340
19930827    1070
19930828    956
19930829    937
19930830    907
19930831    791
19930901    728
19930902    641
19930903    622
19930904    584
19930905    553
19930906    516
19930907    538
19930908    628
19930909    634
19930910    700
19930911    651
19930912    657
19930913    581
19930914    572
19930915    727
19930916    661
19930917    709
19930918    786
19930919    699
19930920    759
19930921    985
19930922    1050
19930923    971
19930924    851
19930925    765
19930926    696
19930927    716
19930928    814
19930929    742
19930930    687
19931001    737
19931002    732
19931003    685
19931004    694
19931005    655
19931006    634
19931007    599
19931008    561
19931009    536
19931010    530
19931011    512
19931012    509
19931013    527
19931014    546
19931015    564
19931016    569
19931017    582
19931018    559
19931019    547
19931020    534
19931021    532
19931022    517
19931023    497
19931024    476
19931025    473
19931026    474
19931027    476
19931028    511
19931029    500
19931030    481
19931031    464
19931101    444
19931102    435
19931103    427
19931104    452
19931105    447
19931106    436
19931107    418
19931108    415
19931109    396
19931110    379
19931111    384
19931112    369
19931113    349
19931114    334
19931115    336
19931116    337
19931117    330
19931118    330
19931119    325
19931120    319
19931121    307
19931122    275
19931123    290
19931124    281
19931125    278
19931126    282
19931127    275
19931128    240
19931129    275
19931130    274
19931201    248
19931202    243
19931203    235
19931204    229
19931205    229
19931206    229
19931207    222
19931208    227
19931209    219
19931210    215
19931211    223
19931212    216
19931213    206
19931214    205
19931215    205
19931216    191
19931217    192
19931218    204
19931219    195
19931220    187
19931221    189
19931222    194
19931223    181
19931224    176
19931225    172
19931226    174
19931227    174
19931228    172
19931229    176
19931230    175
19931231    167
19940101    165
19940102    164
19940103    166
19940104    162
19940105    162
19940106    162
19940107    161
19940108    163
19940109    150
19940110    146
19940111    143
19940112    147
19940113    150
19940114    150
19940115    144
19940116    142
19940117    144
19940118    146
19940119    146
19940120    150
19940121    149
19940122    142
19940123    141
19940124    140
19940125    138
19940126    131
19940127    136
19940128    136
19940129    137
19940130    145
19940131    139
19940201    130
19940202    126
19940203    126
19940204    107
19940205    119
19940206    110
19940207    120
19940208    111
19940209    104
19940210    122
19940211    129
19940212    117
19940213    115
19940214    128
19940215    121
19940216    111
19940217    112
19940218    116
19940219    119
19940220    114
19940221    112
19940222    109
19940223    106
19940224    110
19940225    118
19940226    109
19940227    111
19940228    111
19940301    107
19940302    95.3
19940303    110
19940304    112
19940305    111
19940306    106
19940307    101
19940308    113
19940309    124
19940310    115
19940311    128
19940312    127
19940313    115
19940314    122
19940315    119
19940316    116
19940317    116
19940318    123
19940319    118
19940320    127
19940321    142
19940322    146
19940323    142
19940324    151
19940325    142
19940326    137
19940327    133
19940328    122
19940329    123
19940330    132
19940331    140
19940401    132
19940402    127
19940403    130
19940404    151
19940405    175
19940406    184
19940407    210
19940408    229
19940409    260
19940410    298
19940411    308
19940412    309
19940413    256
19940414    211
19940415    210
19940416    214
19940417    224
19940418    254
19940419    259
19940420    243
19940421    278
19940422    301
19940423    316
19940424    361
19940425    440
19940426    450
19940427    442
19940428    513
19940429    489
19940430    436
19940501    407
19940502    444
19940503    452
19940504    445
19940505    425
19940506    388
19940507    340
19940508    330
19940509    355
19940510    398
19940511    373
19940512    378
19940513    479
19940514    522
19940515    480
19940516    483
19940517    466
19940518    426
19940519    387
19940520    457
19940521    537
19940522    607
19940523    691
19940524    708
19940525    625
19940526    731
19940527    876
19940528    742
19940529    636
19940530    552
19940531    507
19940601    475
19940602    465
19940603    468
19940604    509
19940605    599
19940606    719
19940607    930
19940608    1320
19940609    1300
19940610    1100
19940611    1040
19940612    1110
19940613    1120
19940614    1220
19940615    1320
19940616    1410
19940617    1260
19940618    1060
19940619    1280
19940620    1230
19940621    1090
19940622    944
19940623    827
19940624    886
19940625    1090
19940626    917
19940627    808
19940628    728
19940629    696
19940630    1190
19940701    1380
19940702    1100
19940703    919
19940704    804
19940705    711
19940706    682
19940707    741
19940708    766
19940709    681
19940710    749
19940711    886
19940712    760
19940713    649
19940714    588
19940715    543
19940716    563
19940717    519
19940718    498
19940719    516
19940720    548
19940721    494
19940722    468
19940723    549
19940724    568
19940725    525
19940726    490
19940727    452
19940728    446
19940729    540
19940730    514
19940731    475
19940801    430
19940802    402
19940803    383
19940804    376
19940805    361
19940806    368
19940807    391
19940808    374
19940809    376
19940810    351
19940811    354
19940812    339
19940813    546
19940814    375
19940815    366
19940816    337
19940817    312
19940818    315
19940819    308
19940820    305
19940821    431
19940822    506
19940823    427
19940824    421
19940825    435
19940826    521
19940827    475
19940828    462
19940829    419
19940830    376
19940831    362
19940901    598
19940902    504
19940903    477
19940904    487
19940905    505
19940906    446
19940907    416
19940908    389
19940909    376
19940910    369
19940911    461
19940912    487
19940913    464
19940914    523
19940915    544
19940916    800
19940917    983
19940918    788
19940919    723
19940920    803
19940921    1110
19940922    1060
19940923    900
19940924    751
19940925    705
19940926    725
19940927    679
19940928    672
19940929    639
19940930    616
19941001    601
19941002    634
19941003    652
19941004    706
19941005    669
19941006    615
19941007    620
19941008    614
19941009    654
19941010    709
19941011    718
19941012    675
19941013    716
19941014    689
19941015    649
19941016    616
19941017    591
19941018    555
19941019    565
19941020    553
19941021    501
19941022    469
19941023    454
19941024    443
19941025    395
19941026    390
19941027    394
19941028    409
19941029    375
19941030    377
19941031    376
19941101    391
19941102    363
19941103    341
19941104    322
19941105    337
19941106    324
19941107    315
19941108    337
19941109    303
19941110    306
19941111    311
19941112    280
19941113    290
19941114    281
19941115    295
19941116    295
19941117    287
19941118    288
19941119    264
19941120    257
19941121    246
19941122    274
19941123    279
19941124    242
19941125    240
19941126    244
19941127    240
19941128    226
19941129    227
19941130    224
19941201    242
19941202    215
19941203    199
19941204    200
19941205    197
19941206    196
19941207    192
19941208    187
19941209    197
19941210    200
19941211    194
19941212    185
19941213    162
19941214    173
19941215    197
19941216    190
19941217    172
19941218    168
19941219    130
19941220    172
19941221    176
19941222    166
19941223    159
19941224    161
19941225    163
19941226    146
19941227    157
19941228    157
19941229    159
19941230    155
19941231    155
19950101    134
19950102    158
19950103    146
19950104    147
19950105    144
19950106    143
19950107    140
19950108    139
19950109    145
19950110    142
19950111    143
19950112    134
19950113    140
19950114    140
19950115    147
19950116    155
19950117    138
19950118    140
19950119    136
19950120    139
19950121    132
19950122    126
19950123    131
19950124    129
19950125    127
19950126    158
19950127    129
19950128    107
19950129    112
19950130    96.5
19950131    117
19950201    108
19950202    98.5
19950203    111
19950204    93.5
19950205    107
19950206    96.9
19950207    94.2
19950208    91.8
19950209    102
19950210    94.2
19950211    111
19950212    118
19950213    97.3
19950214    108
19950215    113
19950216    111
19950217    120
19950218    112
19950219    101
19950220    115
19950221    114
19950222    119
19950223    118
19950224    109
19950225    114
19950226    109
19950227    118
19950228    104
19950301    99.9
19950302    113
19950303    109
19950304    107
19950305    103
19950306    104
19950307    110
19950308    110
19950309    112
19950310    113
19950311    111
19950312    110
19950313    120
19950314    104
19950315    103
19950316    113
19950317    130
19950318    127
19950319    124
19950320    104
19950321    125
19950322    172
19950323    170
19950324    174
19950325    199
19950326    166
19950327    149
19950328    187
19950329    180
19950330    199
19950331    204
19950401    203
19950402    191
19950403    198
19950404    190
19950405    161
19950406    173
19950407    173
19950408    151
19950409    156
19950410    155
19950411    178
19950412    218
19950413    258
19950414    240
19950415    219
19950416    255
19950417    308
19950418    393
19950419    370
19950420    369
19950421    411
19950422    402
19950423    385
19950424    347
19950425    347
19950426    331
19950427    467
19950428    485
19950429    470
19950430    428
19950501    459
19950502    578
19950503    538
19950504    547
19950505    502
19950506    466
19950507    444
19950508    438
19950509    449
19950510    443
19950511    476
19950512    525
19950513    622
19950514    707
19950515    562
19950516    531
19950517    617
19950518    755
19950519    1500
19950520    1690
19950521    1500
19950522    1110
19950523    1020
19950524    1360
19950525    1390
19950526    1260
19950527    1120
19950528    1170
19950529    1260
19950530    1440
19950531    1440
19950601    1350
19950602    1220
19950603    1110
19950604    1120
19950605    1070
19950606    992
19950607    1140
19950608    1040
19950609    957
19950610    911
19950611    766
19950612    716
19950613    668
19950614    717
19950615    786
19950616    853
19950617    881
19950618    741
19950619    652
19950620    686
19950621    678
19950622    941
19950623    809
19950624    892
19950625    1070
19950626    1030
19950627    865
19950628    757
19950629    714
19950630    709
19950701    744
19950702    734
19950703    758
19950704    857
19950705    782
19950706    716
19950707    816
19950708    780
19950709    693
19950710    621
19950711    600
19950712    550
19950713    719
19950714    690
19950715    749
19950716    994
19950717    1280
19950718    1230
19950719    1060
19950720    921
19950721    779
19950722    793
19950723    699
19950724    698
19950725    681
19950726    619
19950727    567
19950728    586
19950729    787
19950730    734
19950731    633
19950801    614
19950802    590
19950803    546
19950804    527
19950805    515
19950806    531
19950807    480
19950808    458
19950809    424
19950810    450
19950811    1010
19950812    927
19950813    677
19950814    570
19950815    538
19950816    617
19950817    622
19950818    586
19950819    522
19950820    458
19950821    466
19950822    461
19950823    448
19950824    763
19950825    778
19950826    788
19950827    786
19950828    705
19950829    705
19950830    709
19950831    652
19950901    596
19950902    563
19950903    541
19950904    489
19950905    466
19950906    446
19950907    510
19950908    705
19950909    678
19950910    626
19950911    714
19950912    725
19950913    682
19950914    673
19950915    594
19950916    598
19950917    588
19950918    582
19950919    628
19950920    588
19950921    568
19950922    524
19950923    513
19950924    490
19950925    446
19950926    457
19950927    476
19950928    439
19950929    400
19950930    399
19951001    383
19951002    462
19951003    523
19951004    477
19951005    483
19951006    473
19951007    471
19951008    494
19951009    475
19951010    496
19951011    477
19951012    454
19951013    498
19951014    495
19951015    460
19951016    454
19951017    463
19951018    466
19951019    466
19951020    467
19951021    462
19951022    450
19951023    429
19951024    436
19951025    419
19951026    412
19951027    405
19951028    392
19951029    377
19951030    359
19951031    346
19951101    347
19951102    379
19951103    359
19951104    333
19951105    336
19951106    342
19951107    368
19951108    304
19951109    301
19951110    292
19951111    287
19951112    283
19951113    282
19951114    282
19951115    276
19951116    268
19951117    269
19951118    270
19951119    267
19951120    261
19951121    250
19951122    261
19951123    238
19951124    235
19951125    232
19951126    188
19951127    227
19951128    232
19951129    217
19951130    216
19951201    199
19951202    167
19951203    170
19951204    166
19951205    199
19951206    186
19951207    192
19951208    188
19951209    189
19951210    158
19951211    145
19951212    181
19951213    147
19951214    172
19951215    176
19951216    170
19951217    173
19951218    142
19951219    180
19951220    140
19951221    147
19951222    163
19951223    157
19951224    141
19951225    113
19951226    148
19951227    139
19951228    146
19951229    114
19951230    132
19951231    103
19960101    103
19960102    105
19960103    110
19960104    122
19960105    114
19960106    117
19960107    114
19960108    112
19960109    109
19960110    116
19960111    113
19960112    101
19960113    128
19960114    111
19960115    85.8
19960116    123
19960117    119
19960118    99.8
19960119    103
19960120    122
19960121    106
19960122    107
19960123    105
19960124    101
19960125    97.8
19960126    116
19960127    108
19960128    106
19960129    106
19960130    98.6
19960131    99.9
19960201    107
19960202    100
19960203    100
19960204    92.8
19960205    107
19960206    96.5
19960207    106
19960208    89.9
19960209    94
19960210    104
19960211    117
19960212    109
19960213    102
19960214    99.6
19960215    114
19960216    120
19960217    108
19960218    100
19960219    91.6
19960220    101
19960221    98.2
19960222    91.4
19960223    88.9
19960224    102
19960225    106
19960226    101
19960227    101
19960228    100
19960229    99.4
19960301    107
19960302    104
19960303    97.5
19960304    99.2
19960305    110
19960306    106
19960307    110
19960308    124
19960309    121
19960310    119
19960311    113
19960312    106
19960313    104
19960314    103
19960315    112
19960316    105
19960317    111
19960318    123
19960319    112
19960320    113
19960321    115
19960322    128
19960323    125
19960324    125
19960325    116
19960326    102
19960327    114
19960328    135
19960329    121
19960330    100
19960331    93.2
19960401    105
19960402    114
19960403    107
19960404    103
19960405    105
19960406    126
19960407    129
19960408    132
19960409    131
19960410    121
19960411    171
19960412    145
19960413    131
19960414    134
19960415    111
19960416    168
19960417    186
19960418    175
19960419    222
19960420    209
19960421    225
19960422    183
19960423    191
19960424    202
19960425    208
19960426    262
19960427    283
19960428    243
19960429    253
19960430    294
19960501    331
19960502    324
19960503    420
19960504    479
19960505    439
19960506    464
19960507    560
19960508    545
19960509    493
19960510    485
19960511    447
19960512    439
19960513    432
19960514    473
19960515    500
19960516    485
19960517    493
19960518    567
19960519    596
19960520    596
19960521    555
19960522    542
19960523    575
19960524    573
19960525    555
19960526    552
19960527    534
19960528    514
19960529    457
19960530    451
19960531    455
19960601    666
19960602    850
19960603    1020
19960604    1400
19960605    1380
19960606    1200
19960607    1140
19960608    1030
19960609    1050
19960610    916
19960611    874
19960612    782
19960613    694
19960614    653
19960615    607
19960616    599
19960617    613
19960618    581
19960619    584
19960620    621
19960621    565
19960622    535
19960623    578
19960624    559
19960625    518
19960626    499
19960627    484
19960628    486
19960629    458
19960630    506
19960701    550
19960702    586
19960703    668
19960704    757
19960705    846
19960706    804
19960707    743
19960708    847
19960709    1040
19960710    1040
19960711    895
19960712    739
19960713    682
19960714    639
19960715    559
19960716    564
19960717    532
19960718    520
19960719    579
19960720    596
19960721    558
19960722    548
19960723    499
19960724    528
19960725    521
19960726    497
19960727    511
19960728    1180
19960729    1260
19960730    1040
19960731    947
19960801    1170
19960802    1290
19960803    921
19960804    747
19960805    710
19960806    584
19960807    585
19960808    528
19960809    528
19960810    558
19960811    768
19960812    657
19960813    581
19960814    529
19960815    501
19960816    459
19960817    491
19960818    478
19960819    455
19960820    428
19960821    373
19960822    406
19960823    368
19960824    374
19960825    536
19960826    586
19960827    541
19960828    756
19960829    659
19960830    545
19960831    484
19960901    427
19960902    440
19960903    495
19960904    418
19960905    441
19960906    478
19960907    471
19960908    508
19960909    520
19960910    510
19960911    516
19960912    766
19960913    654
19960914    598
19960915    542
19960916    503
19960917    466
19960918    458
19960919    465
19960920    469
19960921    440
19960922    423
19960923    429
19960924    396
19960925    383
19960926    383
19960927    422
19960928    487
19960929    454
19960930    444
19961001    504
19961002    552
19961003    459
19961004    440
19961005    430
19961006    466
19961007    496
19961008    501
19961009    497
19961010    532
19961011    566
19961012    596
19961013    570
19961014    584
19961015    556
19961016    502
19961017    534
19961018    504
19961019    443
19961020    424
19961021    417
19961022    393
19961023    396
19961024    382
19961025    379
19961026    379
19961027    365
19961028    352
19961029    340
19961030    330
19961031    343
19961101    369
19961102    359
19961103    337
19961104    334
19961105    314
19961106    301
19961107    298
19961108    287
19961109    290
19961110    246
19961111    289
19961112    276
19961113    264
19961114    222
19961115    234
19961116    235
19961117    238
19961118    236
19961119    216
19961120    215
19961121    251
19961122    225
19961123    205
19961124    199
19961125    193
19961126    171
19961127    190
19961128    206
19961129    214
19961130    201
19961201    168
19961202    171
19961203    174
19961204    198
19961205    169
19961206    179
19961207    177
19961208    148
19961209    152
19961210    131
19961211    140
19961212    150
19961213    152
19961214    132
19961215    135
19961216    143
19961217    140
19961218    130
19961219    137
19961220    133
19961221    136
19961222    121
19961223    129
19961224    118
19961225    115
19961226    113
19961227    120
19961228    131
19961229    112
19961230    109
19961231    99.1
19970101    121
19970102    99
19970103    113
19970104    125
19970105    132
19970106    135
19970107    120
19970108    114
19970109    131
19970110    115
19970111    113
19970112    115
19970113    112
19970114    111
19970115    112
19970116    116
19970117    116
19970118    116
19970119    113
19970120    115
19970121    119
19970122    101
19970123    93.2
19970124    85
19970125    100
19970126    103
19970127    102
19970128    95.3
19970129    105
19970130    96.5
19970131    105
19970201    92.6
19970202    92.7
19970203    100
19970204    93.6
19970205    87.8
19970206    73
19970207    72.1
19970208    79.1
19970209    105
19970210    98.8
19970211    95
19970212    94
19970213    97.1
19970214    93.6
19970215    98.8
19970216    89.8
19970217    87.3
19970218    88.8
19970219    107
19970220    113
19970221    100
19970222    96.5
19970223    90.8
19970224    94.4
19970225    107
19970226    123
19970227    105
19970228    94.6
19970301    86
19970302    105
19970303    102
19970304    114
19970305    106
19970306    107
19970307    109
19970308    111
19970309    114
19970310    133
19970311    157
19970312    148
19970313    169
19970314    171
19970315    153
19970316    150
19970317    142
19970318    139
19970319    152
19970320    130
19970321    131
19970322    119
19970323    133
19970324    136
19970325    134
19970326    129
19970327    132
19970328    138
19970329    145
19970330    142
19970331    132
19970401    137
19970402    157
19970403    188
19970404    196
19970405    201
19970406    192
19970407    204
19970408    203
19970409    215
19970410    200
19970411    172
19970412    155
19970413    179
19970414    199
19970415    188
19970416    181
19970417    193
19970418    196
19970419    204
19970420    219
19970421    259
19970422    299
19970423    326
19970424    365
19970425    317
19970426    285
19970427    292
19970428    302
19970429    347
19970430    368
19970501    334
19970502    329
19970503    344
19970504    397
19970505    400
19970506    435
19970507    513
19970508    566
19970509    662
19970510    635
19970511    644
19970512    632
19970513    676
19970514    680
19970515    907
19970516    1030
19970517    994
19970518    1050
19970519    1100
19970520    909
19970521    827
19970522    864
19970523    866
19970524    756
19970525    719
19970526    654
19970527    648
19970528    622
19970529    630
19970530    583
19970531    529
19970601    587
19970602    595
19970603    667
19970604    723
19970605    703
19970606    912
19970607    983
19970608    1230
19970609    1690
19970610    1260
19970611    991
19970612    843
19970613    780
19970614    727
19970615    680
19970616    666
19970617    680
19970618    930
19970619    864
19970620    845
19970621    852
19970622    793
19970623    775
19970624    718
19970625    731
19970626    735
19970627    975
19970628    967
19970629    957
19970630    930
19970701    939
19970702    912
19970703    890
19970704    1010
19970705    977
19970706    1120
19970707    1050
19970708    905
19970709    730
19970710    645
19970711    621
19970712    667
19970713    662
19970714    650
19970715    615
19970716    603
19970717    635
19970718    662
19970719    621
19970720    548
19970721    503
19970722    443
19970723    437
19970724    428
19970725    452
19970726    432
19970727    419
19970728    398
19970729    477
19970730    449
19970731    442
19970801    882
19970802    572
19970803    522
19970804    432
19970805    376
19970806    376
19970807    706
19970808    680
19970809    682
19970810    572
19970811    454
19970812    421
19970813    403
19970814    376
19970815    931
19970816    953
19970817    743
19970818    681
19970819    602
19970820    508
19970821    426
19970822    420
19970823    378
19970824    382
19970825    357
19970826    329
19970827    343
19970828    326
19970829    332
19970830    344
19970831    338
19970901    360
19970902    333
19970903    362
19970904    409
19970905    324
19970906    366
19970907    316
19970908    299
19970909    276
19970910    251
19970911    264
19970912    276
19970913    297
19970914    333
19970915    391
19970916    365
19970917    314
19970918    314
19970919    357
19970920    377
19970921    309
19970922    334
19970923    334
19970924    348
19970925    387
19970926    365
19970927    292
19970928    311
19970929    316
19970930    296
19971001    294
19971002    306
19971003    329
19971004    385
19971005    345
19971006    353
19971007    335
19971008    365
19971009    338
19971010    347
19971011    330
19971012    332
19971013    332
19971014    333
19971015    335
19971016    334
19971017    317
19971018    306
19971019    342
19971020    340
19971021    309
19971022    291
19971023    282
19971024    272
19971025    257
19971026    264
19971027    263
19971028    257
19971029    258
19971030    245
19971031    240
19971101    211
19971102    215
19971103    232
19971104    188
19971105    178
19971106    186
19971107    175
19971108    199
19971109    212
19971110    177
19971111    179
19971112    173
19971113    208
19971114    206
19971115    179
19971116    180
19971117    135
19971118    174
19971119    161
19971120    172
19971121    175
19971122    161
19971123    145
19971124    149
19971125    168
19971126    164
19971127    127
19971128    132
19971129    151
19971130    141
19971201    136
19971202    137
19971203    127
19971204    146
19971205    155
19971206    151
19971207    130
19971208    131
19971209    123
19971210    121
19971211    135
19971212    110
19971213    131
19971214    115
19971215    99.5
19971216    97.3
19971217    96.9
19971218    106
19971219    115
19971220    117
19971221    110
19971222    105
19971223    108
19971224    104
19971225    109
19971226    94.6
19971227    101
19971228    108
19971229    94.4
19971230    77.7
19971231    78.1
19980101    120
19980102    124
19980103    121
19980104    118
19980105    119
19980106    116
19980107    115
19980108    119
19980109    117
19980110    117
19980111    115
19980112    118
19980113    115
19980114    115
19980115    115
19980116    115
19980117    110
19980118    109
19980119    114
19980120    110
19980121    107
19980122    103
19980123    102
19980124    106
19980125    105
19980126    101
19980127    103
19980128    108
19980129    102
19980130    108
19980131    97.3
19980201    107
19980202    105
19980203    99.5
19980204    105
19980205    102
19980206    102
19980207    101
19980208    101
19980209    101
19980210    99.2
19980211    98.1
19980212    105
19980213    104
19980214    101
19980215    103
19980216    99.7
19980217    105
19980218    103
19980219    105
19980220    101
19980221    106
19980222    101
19980223    103
19980224    103
19980225    96.6
19980226    110
19980227    105
19980228    99.8
19980301    117
19980302    117
19980303    111
19980304    116
19980305    118
19980306    124
19980307    121
19980308    124
19980309    123
19980310    131
19980311    123
19980312    121
19980313    128
19980314    121
19980315    117
19980316    118
19980317    115
19980318    124
19980319    132
19980320    141
19980321    129
19980322    130
19980323    118
19980324    125
19980325    118
19980326    119
19980327    118
19980328    118
19980329    116
19980330    118
19980331    123
19980401    121
19980402    127
19980403    116
19980404    143
19980405    160
19980406    171
19980407    224
19980408    235
19980409    191
19980410    182
19980411    184
19980412    204
19980413    187
19980414    161
19980415    146
19980416    141
19980417    139
19980418    137
19980419    130
19980420    146
19980421    146
19980422    143
19980423    185
19980424    218
19980425    229
19980426    239
19980427    273
19980428    337
19980429    330
19980430    265
19980501    457
19980502    385
19980503    355
19980504    326
19980505    334
19980506    375
19980507    472
19980508    565
19980509    531
19980510    526
19980511    497
19980512    482
19980513    563
19980514    561
19980515    461
19980516    516
19980517    432
19980518    369
19980519    352
19980520    347
19980521    363
19980522    479
19980523    824
19980524    1030
19980525    987
19980526    824
19980527    717
19980528    618
19980529    543
19980530    509
19980531    508
19980601    727
19980602    635
19980603    610
19980604    713
19980605    594
19980606    563
19980607    557
19980608    521
19980609    555
19980610    470
19980611    443
19980612    421
19980613    433
19980614    601
19980615    545
19980616    550
19980617    531
19980618    708
19980619    753
19980620    656
19980621    601
19980622    544
19980623    545
19980624    579
19980625    722
19980626    789
19980627    697
19980628    677
19980629    657
19980630    525
19980701    473
19980702    489
19980703    456
19980704    471
19980705    631
19980706    812
19980707    882
19980708    969
19980709    1110
19980710    1470
19980711    1960
19980712    1520
19980713    1310
19980714    1020
19980715    870
19980716    827
19980717    1080
19980718    944
19980719    782
19980720    752
19980721    808
19980722    818
19980723    839
19980724    766
19980725    747
19980726    702
19980727    683
19980728    789
19980729    687
19980730    618
19980731    628
19980801    631
19980802    859
19980803    764
19980804    608
19980805    615
19980806    626
19980807    680
19980808    632
19980809    598
19980810    591
19980811    573
19980812    643
19980813    662
19980814    833
19980815    859
19980816    1090
19980817    959
19980818    811
19980819    737
19980820    923
19980821    950
19980822    790
19980823    754
19980824    674
19980825    704
19980826    717
19980827    832
19980828    767
19980829    756
19980830    731
19980831    679
19980901    631
19980902    643
19980903    758
19980904    751
19980905    722
19980906    657
19980907    600
19980908    548
19980909    516
19980910    486
19980911    461
19980912    442
19980913    427
19980914    400
19980915    389
19980916    388
19980917    535
19980918    480
19980919    502
19980920    710
19980921    582
19980922    510
19980923    505
19980924    512
19980925    562
19980926    573
19980927    610
19980928    565
19980929    504
19980930    469
19981001    452
19981002    427
19981003    539
19981004    569
19981005    537
19981006    555
19981007    547
19981008    555
19981009    553
19981010    622
19981011    587
19981012    536
19981013    656
19981014    728
19981015    653
19981016    621
19981017    553
19981018    518
19981019    565
19981020    566
19981021    510
19981022    513
19981023    507
19981024    519
19981025    511
19981026    499
19981027    492
19981028    487
19981029    485
19981030    468
19981031    468
19981101    446
19981102    434
19981103    421
19981104    391
19981105    358
19981106    352
19981107    377
19981108    403
19981109    362
19981110    348
19981111    361
19981112    345
19981113    334
19981114    326
19981115    311
19981116    300
19981117    288
19981118    286
19981119    278
19981120    271
19981121    275
19981122    280
19981123    268
19981124    266
19981125    252
19981126    247
19981127    252
19981128    242
19981129    238
19981130    227
19981201    241
19981202    231
19981203    226
19981204    223
19981205    219
19981206    217
19981207    212
19981208    208
19981209    208
19981210    218
19981211    191
19981212    184
19981213    192
19981214    203
19981215    191
19981216    186
19981217    187
19981218    176
19981219    176
19981220    177
19981221    176
19981222    176
19981223    164
19981224    184
19981225    174
19981226    167
19981227    179
19981228    162
19981229    163
19981230    160
19981231    170
19990101    164
19990102    161
19990103    161
19990104    160
19990105    155
19990106    154
19990107    148
19990108    152
19990109    150
19990110    149
19990111    149
19990112    143
19990113    151
19990114    146
19990115    151
19990116    146
19990117    142
19990118    140
19990119    140
19990120    131
19990121    134
19990122    135
19990123    131
19990124    138
19990125    129
19990126    111
19990127    130
19990128    131
19990129    111
19990130    140
19990131    132
19990201    135
19990202    127
19990203    125
19990204    128
19990205    128
19990206    127
19990207    129
19990208    127
19990209    127
19990210    115
19990211    83.1
19990212    79.3
19990213    87.6
19990214    103
19990215    89.4
19990216    99.1
19990217    89.1
19990218    93.6
19990219    95
19990220    99.6
19990221    96.5
19990222    96.7
19990223    103
19990224    102
19990225    94.1
19990226    113
19990227    125
19990228    123
19990301    119
19990302    125
19990303    119
19990304    121
19990305    118
19990306    123
19990307    125
19990308    122
19990309    118
19990310    119
19990311    120
19990312    123
19990313    123
19990314    118
19990315    131
19990316    120
19990317    123
19990318    132
19990319    140
19990320    148
19990321    144
19990322    136
19990323    126
19990324    128
19990325    121
19990326    127
19990327    133
19990328    124
19990329    126
19990330    123
19990331    123
19990401    124
19990402    127
19990403    145
19990404    134
19990405    143
19990406    141
19990407    160
19990408    150
19990409    181
19990410    182
19990411    186
19990412    187
19990413    181
19990414    184
19990415    185
19990416    219
19990417    286
19990418    351
19990419    318
19990420    274
19990421    268
19990422    252
19990423    270
19990424    320
19990425    497
19990426    645
19990427    618
19990428    533
19990429    516
19990430    488
19990501    456
19990502    437
19990503    515
19990504    586
19990505    559
19990506    533
19990507    539
19990508    569
19990509    508
19990510    468
19990511    453
19990512    404
19990513    382
19990514    410
19990515    445
19990516    548
19990517    737
19990518    641
19990519    556
19990520    585
19990521    635
19990522    623
19990523    662
19990524    685
19990525    714
19990526    634
19990527    604
19990528    589
19990529    641
19990530    727
19990531    897
19990601    1030
19990602    1070
19990603    968
19990604    938
19990605    902
19990606    861
19990607    813
19990608    781
19990609    1010
19990610    1010
19990611    1020
19990612    940
19990613    943
19990614    895
19990615    807
19990616    922
19990617    1450
19990618    1110
19990619    910
19990620    848
19990621    781
19990622    731
19990623    720
19990624    745
19990625    765
19990626    785
19990627    805
19990628    766
19990629    958
19990630    1200
19990701    1100
19990702    1370
19990703    1560
19990704    1270
19990705    1100
19990706    1020
19990707    1030
19990708    1180
19990709    1200
19990710    1210
19990711    1100
19990712    999
19990713    1030
19990714    1280
19990715    1230
19990716    1780
19990717    2000
19990718    1640
19990719    1280
19990720    1140
19990721    1040
19990722    997
19990723    1040
19990724    1030
19990725    1200
19990726    1100
19990727    965
19990728    819
19990729    839
19990730    800
19990731    727
19990801    672
19990802    629
19990803    586
19990804    545
19990805    551
19990806    528
19990807    516
19990808    488
19990809    770
19990810    649
19990811    581
19990812    631
19990813    591
19990814    663
19990815    1220
19990816    1030
19990817    776
19990818    716
19990819    689
19990820    1040
19990821    1150
19990822    947
19990823    807
19990824    737
19990825    668
19990826    654
19990827    611
19990828    701
19990829    642
19990830    561
19990831    515
19990901    492
19990902    478
19990903    487
19990904    449
19990905    415
19990906    413
19990907    409
19990908    433
19990909    397
19990910    416
19990911    511
19990912    550
19990913    529
19990914    865
19990915    612
19990916    545
19990917    475
19990918    526
19990919    529
19990920    519
19990921    441
19990922    684
19990923    614
19990924    518
19990925    470
19990926    466
19990927    478
19990928    553
19990929    570
19990930    575
19991001    495
19991002    524
19991003    679
19991004    861
19991005    847
19991006    828
19991007    776
19991008    752
19991009    712
19991010    850
19991011    917
19991012    902
19991013    859
19991014    816
19991015    759
19991016    831
19991017    828
19991018    773
19991019    713
19991020    684
19991021    680
19991022    679
19991023    701
19991024    652
19991025    650
19991026    612
19991027    575
19991028    525
19991029    529
19991030    485
19991031    483
19991101    467
19991102    455
19991103    425
19991104    428
19991105    407
19991106    392
19991107    381
19991108    383
19991109    369
19991110    362
19991111    348
19991112    346
19991113    329
19991114    338
19991115    322
19991116    319
19991117    338
19991118    325
19991119    306
19991120    312
19991121    297
19991122    295
19991123    284
19991124    276
19991125    272
19991126    267
19991127    267
19991128    265
19991129    252
19991130    253
19991201    241
19991202    245
19991203    242
19991204    239
19991205    227
19991206    238
19991207    223
19991208    211
19991209    219
19991210    222
19991211    207
19991212    203
19991213    214
19991214    203
19991215    200
19991216    192
19991217    198
19991218    195
19991219    188
19991220    181
19991221    175
19991222    177
19991223    179
19991224    171
19991225    159
19991226    157
19991227    146
19991228    153
19991229    168
19991230    159
19991231    155
20000101    242
20000102    246
20000103    209
20000104    144
20000105    152
20000106    149
20000107    142
20000108    139
20000109    128
20000110    127
20000111    140
20000112    129
20000113    121
20000114    127
20000115    128
20000116    122
20000117    139
20000118    142
20000119    141
20000120    136
20000121    137
20000122    131
20000123    136
20000124    136
20000125    132
20000126    135
20000127    133
20000128    123
20000129    135
20000130    127
20000131    128
20000201    133
20000202    129
20000203    125
20000204    128
20000205    129
20000206    124
20000207    126
20000208    127
20000209    119
20000210    129
20000211    124
20000212    126
20000213    123
20000214    124
20000215    124
20000216    129
20000217    126
20000218    121
20000219    121
20000220    123
20000221    123
20000222    120
20000223    124
20000224    119
20000225    123
20000226    121
20000227    116
20000228    120
20000229    116
20000301    117
20000302    116
20000303    118
20000304    118
20000305    122
20000306    120
20000307    110
20000308    124
20000309    126
20000310    126
20000311    127
20000312    124
20000313    126
20000314    122
20000315    131
20000316    143
20000317    139
20000318    133
20000319    142
20000320    137
20000321    150
20000322    168
20000323    179
20000324    173
20000325    148
20000326    143
20000327    152
20000328    170
20000329    198
20000330    222
20000331    234
20000401    232
20000402    293
20000403    279
20000404    241
20000405    207
20000406    198
20000407    177
20000408    160
20000409    182
20000410    253
20000411    241
20000412    243
20000413    257
20000414    244
20000415    229
20000416    225
20000417    242
20000418    316
20000419    329
20000420    420
20000421    424
20000422    388
20000423    372
20000424    446
20000425    547
20000426    551
20000427    446
20000428    424
20000429    503
20000430    531
20000501    450
20000502    401
20000503    391
20000504    372
20000505    405
20000506    519
20000507    622
20000508    639
20000509    622
20000510    562
20000511    529
20000512    497
20000513    522
20000514    548
20000515    600
20000516    764
20000517    661
20000518    570
20000519    479
20000520    438
20000521    434
20000522    468
20000523    460
20000524    454
20000525    547
20000526    564
20000527    627
20000528    642
20000529    645
20000530    729
20000531    695
20000601    707
20000602    782
20000603    959
20000604    1010
20000605    880
20000606    1050
20000607    1010
20000608    1190
20000609    1150
20000610    979
20000611    907
20000612    888
20000613    887
20000614    759
20000615    734
20000616    684
20000617    621
20000618    595
20000619    582
20000620    542
20000621    499
20000622    482
20000623    486
20000624    529
20000625    592
20000626    808
20000627    1130
20000628    1220
20000629    1280
20000630    1010
20000701    1050
20000702    1040
20000703    1160
20000704    1170
20000705    968
20000706    836
20000707    699
20000708    676
20000709    755
20000710    831
20000711    957
20000712    1100
20000713    932
20000714    900
20000715    795
20000716    703
20000717    644
20000718    595
20000719    558
20000720    532
20000721    502
20000722    478
20000723    455
20000724    428
20000725    441
20000726    409
20000727    396
20000728    421
20000729    380
20000730    463
20000731    442
20000801    371
20000802    382
20000803    406
20000804    381
20000805    370
20000806    401
20000807    482
20000808    767
20000809    693
20000810    555
20000811    521
20000812    502
20000813    462
20000814    398
20000815    447
20000816    445
20000817    562
20000818    701
20000819    625
20000820    503
20000821    454
20000822    472
20000823    568
20000824    523
20000825    494
20000826    484
20000827    511
20000828    505
20000829    514
20000830    487
20000831    457
20000901    421
20000902    392
20000903    491
20000904    402
20000905    445
20000906    659
20000907    692
20000908    591
20000909    613
20000910    713
20000911    713
20000912    780
20000913    766
20000914    692
20000915    627
20000916    567
20000917    508
20000918    472
20000919    471
20000920    457
20000921    425
20000922    403
20000923    375
20000924    408
20000925    502
20000926    511
20000927    505
20000928    566
20000929    568
20000930    644
20001001    591
20001002    566
20001003    522
20001004    475
20001005    439
20001006    412
20001007    363
20001008    362
20001009    386
20001010    332
20001011    362
20001012    441
20001013    480
20001014    444
20001015    427
20001016    444
20001017    395
20001018    374
20001019    362
20001020    359
20001021    378
20001022    377
20001023    359
20001024    350
20001025    354
20001026    382
20001027    374
20001028    386
20001029    341
20001030    317
20001031    330
20001101    336
20001102    315
20001103    298
20001104    307
20001105    314
20001106    296
20001107    313
20001108    282
20001109    256
20001110    292
20001111    238
20001112    256
20001113    238
20001114    230
20001115    236
20001116    223
20001117    233
20001118    233
20001119    230
20001120    228
20001121    199
20001122    175
20001123    191
20001124    185
20001125    203
20001126    203
20001127    184
20001128    201
20001129    192
20001130    188
20001201    184
20001202    188
20001203    179
20001204    167
20001205    164
20001206    168
20001207    166
20001208    128
20001209    123
20001210    120
20001211    119
20001212    115
20001213    111
20001214    111
20001215    115
20001216    150
20001217    146
20001218    141
20001219    150
20001220    145
20001221    138
20001222    147
20001223    185
20001224    200
20001225    199
20001226    199
20001227    187
20001228    198
20001229    193
20001230    186
20001231    144
20010101    141
20010102    139
20010103    133
20010104    122
20010105    125
20010106    126
20010107    121
20010108    118
20010109    126
20010110    123
20010111    116
20010112    118
20010113    114
20010114    115
20010115    118
20010116    114
20010117    111
20010118    116
20010119    111
20010120    115
20010121    113
20010122    113
20010123    115
20010124    113
20010125    113
20010126    115
20010127    112
20010128    109
20010129    110
20010130    110
20010131    105
20010201    114
20010202    108
20010203    106
20010204    109
20010205    109
20010206    110
20010207    108
20010208    107
20010209    108
20010210    109
20010211    107
20010212    101
20010213    110
20010214    107
20010215    104
20010216    96.4
20010217    111
20010218    106
20010219    111
20010220    109
20010221    115
20010222    125
20010223    116
20010224    123
20010225    116
20010226    114
20010227    113
20010228    111
20010301    101
20010302    110
20010303    105
20010304    104
20010305    103
20010306    110
20010307    108
20010308    109
20010309    110
20010310    114
20010311    110
20010312    101
20010313    99.5
20010314    103
20010315    107
20010316    104
20010317    115
20010318    107
20010319    102
20010320    116
20010321    116
20010322    116
20010323    113
20010324    143
20010325    162
20010326    148
20010327    131
20010328    115
20010329    127
20010330    132
20010331    135
20010401    129
20010402    140
20010403    147
20010404    151
20010405    163
20010406    193
20010407    187
20010408    177
20010409    206
20010410    216
20010411    215
20010412    191
20010413    168
20010414    162
20010415    167
20010416    196
20010417    218
20010418    203
20010419    297
20010420    329
20010421    405
20010422    424
20010423    413
20010424    435
20010425    417
20010426    422
20010427    425
20010428    467
20010429    469
20010430    564
20010501    467
20010502    424
20010503    397
20010504    425
20010505    423
20010506    427
20010507    484
20010508    528
20010509    510
20010510    470
20010511    466
20010512    510
20010513    497
20010514    480
20010515    479
20010516    502
20010517    559
20010518    511
20010519    462
20010520    441
20010521    427
20010522    432
20010523    458
20010524    790
20010525    860
20010526    776
20010527    679
20010528    659
20010529    634
20010530    590
20010531    571
20010601    667
20010602    673
20010603    653
20010604    634
20010605    591
20010606    613
20010607    592
20010608    713
20010609    1060
20010610    1030
20010611    888
20010612    843
20010613    775
20010614    717
20010615    762
20010616    891
20010617    805
20010618    777
20010619    789
20010620    803
20010621    783
20010622    699
20010623    637
20010624    662
20010625    660
20010626    657
20010627    648
20010628    664
20010629    1030
20010630    838
20010701    715
20010702    661
20010703    610
20010704    568
20010705    552
20010706    514
20010707    512
20010708    494
20010709    454
20010710    459
20010711    716
20010712    696
20010713    532
20010714    474
20010715    437
20010716    408
20010717    375
20010718    367
20010719    362
20010720    365
20010721    471
20010722    461
20010723    396
20010724    360
20010725    358
20010726    325
20010727    418
20010728    737
20010729    646
20010730    596
20010731    524
20010801    471
20010802    433
20010803    390
20010804    363
20010805    340
20010806    317
20010807    318
20010808    442
20010809    519
20010810    438
20010811    715
20010812    763
20010813    671
20010814    702
20010815    575
20010816    545
20010817    934
20010818    888
20010819    1120
20010820    1020
20010821    803
20010822    834
20010823    797
20010824    683
20010825    607
20010826    558
20010827    535
20010828    564
20010829    596
20010830    643
20010831    773
20010901    804
20010902    839
20010903    995
20010904    955
20010905    794
20010906    751
20010907    772
20010908    940
20010909    819
20010910    830
20010911    782
20010912    737
20010913    782
20010914    777
20010915    703
20010916    651
20010917    671
20010918    629
20010919    646
20010920    1230
20010921    1030
20010922    929
20010923    884
20010924    1320
20010925    1680
20010926    1270
20010927    1040
20010928    916
20010929    947
20010930    1120
20011001    974
20011002    891
20011003    807
20011004    724
20011005    668
20011006    626
20011007    674
20011008    638
20011009    617
20011010    579
20011011    552
20011012    543
20011013    517
20011014    502
20011015    504
20011016    575
20011017    596
20011018    583
20011019    558
20011020    560
20011021    550
20011022    532
20011023    506
20011024    497
20011025    470
20011026    482
20011027    456
20011028    473
20011029    445
20011030    438
20011031    423
20011101    442
20011102    432
20011103    414
20011104    447
20011105    432
20011106    398
20011107    403
20011108    385
20011109    409
20011110    358
20011111    363
20011112    364
20011113    306
20011114    274
20011115    334
20011116    340
20011117    302
20011118    295
20011119    303
20011120    276
20011121    261
20011122    270
20011123    267
20011124    242
20011125    233
20011126    252
20011127    224
20011128    240
20011129    256
20011130    223
20011201    222
20011202    212
20011203    231
20011204    230
20011205    197
20011206    205
20011207    215
20011208    192
20011209    209
20011210    187
20011211    187
20011212    169
20011213    191
20011214    202
20011215    191
20011216    183
20011217    205
20011218    170
20011219    173
20011220    176
20011221    163
20011222    170
20011223    173
20011224    151
20011225    175
20011226    162
20011227    148
20011228    162
20011229    152
20011230    151
20011231    142
20020101    148
20020102    140
20020103    142
20020104    131
20020105    143
20020106    145
20020107    141
20020108    124
20020109    130
20020110    127
20020111    124
20020112    138
20020113    126
20020114    129
20020115    130
20020116    125
20020117    128
20020118    134
20020119    139
20020120    140
20020121    135
20020122    130
20020123    135
20020124    137
20020125    146
20020126    127
20020127    134
20020128    129
20020129    125
20020130    134
20020131    133
20020201    128
20020202    128
20020203    129
20020204    119
20020205    125
20020206    131
20020207    129
20020208    128
20020209    125
20020210    125
20020211    133
20020212    133
20020213    125
20020214    127
20020215    126
20020216    132
20020217    128
20020218    125
20020219    131
20020220    126
20020221    132
20020222    122
20020223    125
20020224    126
20020225    121
20020226    121
20020227    127
20020228    122
20020301    118
20020302    116
20020303    112
20020304    121
20020305    124
20020306    120
20020307    116
20020308    113
20020309    119
20020310    112
20020311    121
20020312    121
20020313    125
20020314    127
20020315    122
20020316    125
20020317    122
20020318    125
20020319    125
20020320    122
20020321    125
20020322    124
20020323    131
20020324    129
20020325    126
20020326    128
20020327    127
20020328    154
20020329    161
20020330    152
20020331    147
20020401    144
20020402    144
20020403    151
20020404    170
20020405    199
20020406    196
20020407    172
20020408    176
20020409    182
20020410    191
20020411    190
20020412    175
20020413    156
20020414    170
20020415    162
20020416    179
20020417    203
20020418    219
20020419    202
20020420    211
20020421    232
20020422    220
20020423    233
20020424    305
20020425    399
20020426    402
20020427    475
20020428    452
20020429    424
20020430    362
20020501    359
20020502    341
20020503    306
20020504    330
20020505    304
20020506    318
20020507    323
20020508    328
20020509    344
20020510    332
20020511    349
20020512    368
20020513    422
20020514    444
20020515    407
20020516    376
20020517    371
20020518    396
20020519    465
20020520    456
20020521    456
20020522    580
20020523    577
20020524    563
20020525    505
20020526    444
20020527    454
20020528    460
20020529    481
20020530    513
20020531    476
20020601    551
20020602    671
20020603    595
20020604    543
20020605    588
20020606    612
20020607    596
20020608    620
20020609    697
20020610    662
20020611    569
20020612    713
20020613    726
20020614    585
20020615    554
20020616    501
20020617    461
20020618    469
20020619    479
20020620    583
20020621    580
20020622    645
20020623    678
20020624    1040
20020625    934
20020626    736
20020627    709
20020628    742
20020629    679
20020630    726
20020701    659
20020702    626
20020703    664
20020704    621
20020705    624
20020706    576
20020707    547
20020708    545
20020709    522
20020710    485
20020711    454
20020712    387
20020713    422
20020714    352
20020715    328
20020716    327
20020717    346
20020718    452
20020719    444
20020720    385
20020721    362
20020722    373
20020723    464
20020724    492
20020725    483
20020726    475
20020727    546
20020728    496
20020729    458
20020730    616
20020731    1340
20020801    908
20020802    754
20020803    679
20020804    572
20020805    496
20020806    428
20020807    440
20020808    559
20020809    1030
20020810    868
20020811    793
20020812    726
20020813    737
20020814    746
20020815    703
20020816    727
20020817    662
20020818    630
20020819    597
20020820    540
20020821    515
20020822    444
20020823    449
20020824    416
20020825    414
20020826    428
20020827    375
20020828    395
20020829    343
20020830    328
20020831    333
20020901    326
20020902    310
20020903    285
20020904    274
20020905    297
20020906    262
20020907    260
20020908    316
20020909    304
20020910    272
20020911    265
20020912    271
20020913    296
20020914    370
20020915    362
20020916    334
20020917    306
20020918    299
20020919    293
20020920    291
20020921    297
20020922    425
20020923    389
20020924    334
20020925    337
20020926    343
20020927    288
20020928    312
20020929    308
20020930    309
20021001    319
20021002    298
20021003    319
20021004    322
20021005    326
20021006    327
20021007    296
20021008    294
20021009    276
20021010    285
20021011    298
20021012    284
20021013    290
20021014    270
20021015    247
20021016    243
20021017    236
20021018    246
20021019    271
20021020    406
20021021    365
20021022    336
20021023    306
20021024    314
20021025    282
20021026    268
20021027    248
20021028    258
20021029    270
20021030    255
20021031    258
20021101    273
20021102    268
20021103    265
20021104    247
20021105    245
20021106    249
20021107    228
20021108    231
20021109    222
20021110    217
20021111    221
20021112    218
20021113    203
20021114    215
20021115    236
20021116    218
20021117    217
20021118    191
20021119    197
20021120    202
20021121    209
20021122    203
20021123    193
20021124    189
20021125    199
20021126    176
20021127    167
20021128    170
20021129    176
20021130    161
20021201    160
20021202    160
20021203    163
20021204    173
20021205    157
20021206    155
20021207    154
20021208    145
20021209    166
20021210    144
20021211    143
20021212    139
20021213    139
20021214    133
20021215    153
20021216    135
20021217    123
20021218    134
20021219    131
20021220    129
20021221    120
20021222    122
20021223    133
20021224    124
20021225    117
20021226    122
20021227    116
20021228    123
20021229    113
20021230    112
20021231    113
20030101    112
20030102    106
20030103    111
20030104    118
20030105    116
20030106    116
20030107    113
20030108    106
20030109    103
20030110    104
20030111    98.6
20030112    101
20030113    100
20030114    100
20030115    96.2
20030116    97.5
20030117    94.2
20030118    89.5
20030119    96.3
20030120    107
20030121    106
20030122    94.4
20030123    95.8
20030124    91
20030125    104
20030126    102
20030127    97.5
20030128    94.9
20030129    99.2
20030130    99.5
20030131    95.6
20030201    99.7
20030202    94.7
20030203    95.2
20030204    94
20030205    102
20030206    112
20030207    99.4
20030208    94.3
20030209    89.5
20030210    95
20030211    91.5
20030212    95.8
20030213    90.8
20030214    94.4
20030215    94.8
20030216    99.4
20030217    93.6
20030218    90.5
20030219    88.4
20030220    85.8
20030221    76
20030222    90.5
20030223    93.2
20030224    95.3
20030225    94.8
20030226    97.6
20030227    90.6
20030228    93
20030301    86.8
20030302    90.4
20030303    91.9
20030304    103
20030305    102
20030306    94.9
20030307    98.3
20030308    93.3
20030309    94.4
20030310    88.5
20030311    87.2
20030312    84.8
20030313    87.1
20030314    92.8
20030315    98.4
20030316    99.4
20030317    93.5
20030318    94.5
20030319    88.3
20030320    93.6
20030321    99.5
20030322    106
20030323    107
20030324    103
20030325    99.6
20030326    102
20030327    101
20030328    108
20030329    114
20030330    111
20030331    104
20030401    125
20030402    142
20030403    144
20030404    143
20030405    146
20030406    140
20030407    155
20030408    156
20030409    156
20030410    159
20030411    157
20030412    150
20030413    200
20030414    197
20030415    179
20030416    165
20030417    173
20030418    221
20030419    256
20030420    208
20030421    222
20030422    259
20030423    260
20030424    297
20030425    278
20030426    249
20030427    260
20030428    252
20030429    313
20030430    338
20030501    266
20030502    246
20030503    293
20030504    324
20030505    292
20030506    361
20030507    529
20030508    490
20030509    410
20030510    460
20030511    444
20030512    464
20030513    452
20030514    453
20030515    464
20030516    498
20030517    652
20030518    782
20030519    777
20030520    698
20030521    654
20030522    740
20030523    718
20030524    655
20030525    622
20030526    667
20030527    829
20030528    1010
20030529    954
20030530    828
20030531    803
20030601    845
20030602    757
20030603    661
20030604    758
20030605    858
20030606    770
20030607    679
20030608    639
20030609    595
20030610    688
20030611    829
20030612    819
20030613    823
20030614    716
20030615    644
20030616    619
20030617    581
20030618    574
20030619    554
20030620    557
20030621    549
20030622    601
20030623    656
20030624    708
20030625    909
20030626    1530
20030627    1310
20030628    997
20030629    977
20030630    1270
20030701    1120
20030702    1110
20030703    1170
20030704    1010
20030705    874
20030706    803
20030707    797
20030708    737
20030709    694
20030710    719
20030711    714
20030712    797
20030713    754
20030714    817
20030715    933
20030716    1160
20030717    1050
20030718    891
20030719    939
20030720    889
20030721    790
20030722    744
20030723    720
20030724    695
20030725    648
20030726    687
20030727    596
20030728    658
20030729    674
20030730    595
20030731    563
20030801    517
20030802    725
20030803    870
20030804    876
20030805    714
20030806    727
20030807    752
20030808    674
20030809    1230
20030810    1360
20030811    1250
20030812    1140
20030813    1060
20030814    999
20030815    1040
20030816    1090
20030817    952
20030818    842
20030819    762
20030820    777
20030821    650
20030822    708
20030823    692
20030824    675
20030825    671
20030826    660
20030827    827
20030828    763
20030829    734
20030830    1040
20030831    1080
20030901    1040
20030902    1080
20030903    926
20030904    837
20030905    845
20030906    1000
20030907    1030
20030908    975
20030909    918
20030910    856
20030911    770
20030912    720
20030913    661
20030914    610
20030915    569
20030916    538
20030917    490
20030918    505
20030919    535
20030920    681
20030921    683
20030922    595
20030923    537
20030924    485
20030925    496
20030926    447
20030927    429
20030928    436
20030929    412
20030930    384
20031001    402
20031002    400
20031003    370
20031004    376
20031005    431
20031006    418
20031007    411
20031008    373
20031009    354
20031010    331
20031011    335
20031012    370
20031013    348
20031014    343
20031015    333
20031016    307
20031017    311
20031018    313
20031019    324
20031020    320
20031021    308
20031022    300
20031023    319
20031024    312
20031025    309
20031026    327
20031027    281
20031028    275
20031029    271
20031030    282
20031031    272
20031101    258
20031102    227
20031103    241
20031104    249
20031105    257
20031106    221
20031107    235
20031108    235
20031109    220
20031110    245
20031111    230
20031112    224
20031113    220
20031114    215
20031115    201
20031116    214
20031117    199
20031118    197
20031119    204
20031120    188
20031121    187
20031122    178
20031123    167
20031124    171
20031125    163
20031126    157
20031127    129
20031128    163
20031129    163
20031130    167
20031201    170
20031202    193
20031203    166
20031204    170
20031205    157
20031206    154
20031207    153
20031208    164
20031209    160
20031210    147
20031211    151
20031212    145
20031213    155
20031214    145
20031215    154
20031216    131
20031217    136
20031218    142
20031219    137
20031220    145
20031221    130
20031222    125
20031223    133
20031224    129
20031225    123
20031226    120
20031227    137
20031228    120
20031229    124
20031230    122
20031231    135
20040101    130
20040102    127
20040103    124
20040104    118
20040105    102
20040106    127
20040107    125
20040108    122
20040109    118
20040110    124
20040111    117
20040112    109
20040113    111
20040114    110
20040115    110
20040116    108
20040117    117
20040118    108
20040119    104
20040120    104
20040121    102
20040122    110
20040123    109
20040124    120
20040125    107
20040126    96.2
20040127    89.8

